2.104482375877375078e-01
2.069516187656071926e-01
2.074621226658602269e-01
2.175751492516538876e-01
2.190935969667613947e-01
2.183778277755411279e-01
2.344800282685934600e-01
2.324980875759364851e-01
2.272576350617050711e-01
2.368842601743910148e-01
2.473586457466986355e-01
2.415509221676862550e-01
2.377743415435936702e-01
2.695366418009294551e-01
2.466411425666946711e-01
2.621867270161659103e-01
2.692630503020835842e-01
2.821710133235070250e-01
2.817199423484586518e-01
2.758559123313962802e-01
3.220466185996929687e-01
3.148996306171251702e-01
2.768534943496112066e-01
2.881902865451384521e-01
2.564240153207751338e-01
2.785304382566585746e-01
2.751689446117063786e-01
2.941844065778861927e-01
2.840385842483058032e-01
2.886714309132814016e-01
2.812857009327967006e-01
2.807731747346480233e-01
3.173012744467574309e-01
3.036023168898208113e-01
2.729595470903473098e-01
2.757923458740750289e-01
2.906302841185495200e-01
2.808684804449341210e-01
2.809678765605018169e-01
2.931601432742452218e-01
