0.007685656756615136 0.008932590255128929
0.010761113172157666 0.013967154558571136
0.01857271011523435 0.01857355221359534
0.016931028437597515 0.018676349802187135
0.018076779342200228 0.018703994014123818
0.018664031110247885 0.020234194400666917
0.019128665705978896 0.0219109490345586
0.022675762844733188 0.025244820296907795
0.026579709852916116 0.026888944194571218
0.027574879546545108 0.02783329418772873
0.02851529982293297 0.02881809081218748
0.02249173262671122 0.02908330066031726
0.027814804309045867 0.029447405502103813
0.030698123862438635 0.03074628920699564
0.030384216794199337 0.031015816367785512
0.026645814909338726 0.03198280312784918
0.029272721071348266 0.03313195452457282
0.03231422610637264 0.033228939687771755
0.031221206666600502 0.033915799658149046
0.030213137365786107 0.03466372702300188
0.037283128494876014 0.037341746735079694
0.033238992311650714 0.039603930498299404
0.031710428681017325 0.03987815795695386
0.03734838655431784 0.040128268425754926
0.0398539898532373 0.04045693360298685
0.03935809722316567 0.041824799164357565
0.03768959954151268 0.04187234729148651
0.04257729248079451 0.04257870486358213
0.04232867238209698 0.043458016346244924
0.04380705091061506 0.043856704578806256
0.04052289484224399 0.04407793904207326
0.04316673533762137 0.044372484823744826
0.04517975892274931 0.04540908600378743
0.03746157964952669 0.04558196762545244
0.044308720996261375 0.04597024037496406
0.045793026671077194 0.0460247970166539
0.03898286097729397 0.046252576814342555
0.04637168632942364 0.04638135548841944
0.045685323818529605 0.046584640840845966
0.0450150817627905 0.046670363495841444
0.040914570556520063 0.0467348464108643
0.04681085502729866 0.04705903750220902
0.038961963251047234 0.04763030518423046
0.04503292048950412 0.04772731388950369
0.048235854067264744 0.048248840149751455
0.04670215747371562 0.048827031221800654
0.048706362144378165 0.04906096340008934
0.040735878561789785 0.04950988545674785
0.04221730443058657 0.0500549447287307
0.0502379837086038 0.05050109896644536
0.052450417544572026 0.052548230950139344
0.050652429271688816 0.05359212926944245
0.04457135488189007 0.05386494093219157
0.051691367768267125 0.055428755396460784
0.0450201337013942 0.05605094940244601
0.05475445771280084 0.05672848506817385
0.05630163532800404 0.056838396969942286
0.057530104008825696 0.05755293531077792
0.05839817053684029 0.05905935319612354
0.05608800926164319 0.05912479885389861
0.05926999967868898 0.059276956194862056
0.05936070460811486 0.05939951917346508
0.058857287953673586 0.05951967549108643
0.04827083343219092 0.059677866683727626
0.05647106338181512 0.05973779248145084
0.058176245459382145 0.05976888311035404
0.05814775560644988 0.06053207774389792
0.05111494087665048 0.060738912545531154
0.056867296576444855 0.06170759010674597
0.061802400023046905 0.06205779872989382
0.06100006053120674 0.06230266101676317
0.05956714585894231 0.0628602866782567
0.058795131569254616 0.06302515098547123
0.04130954086040802 0.06380405583108145
0.06316728680265597 0.06513172946803776
0.05208004424866828 0.0652159831878339
0.056979129245398136 0.0655591633561598
0.043211359168667945 0.06634644921249458
0.06386710371258186 0.06667381533206
0.06661979001664102 0.06684327614851343
0.06610031542312587 0.06703158719115074
0.06588749513474029 0.06809321690296002
0.05481213651239143 0.06846878396480191
0.05042425962366804 0.06975334225079295
0.07005367060111001 0.07081664700385805
0.06961501484337407 0.07096191702620555
0.06871505247360057 0.07145923638024744
0.052954309386458204 0.07147845357856371
0.0707933026240044 0.07179842501943
0.07138652061522253 0.07204781193673518
0.0720695981317908 0.0725762189093664
0.05594942146178519 0.07270499152730113
0.06824906646046287 0.07313227629247451
0.07053236052907542 0.07341839539306397
0.07011540430560848 0.0736663454297286
0.0741479108095676 0.07414791178310384
0.068757093609231 0.07429744107465873
0.07429842675283807 0.07446843581548117
0.07110343726982199 0.07473951268535706
0.07610754289729814 0.07632784009714048
0.07538800192426075 0.07657705486916312
0.057974604491784945 0.0767728571363543
0.0766817473835188 0.07680567464655284
0.07063886308350242 0.07711418391478614
0.0758152214309564 0.07736068149367976
0.05615153954505235 0.07830596928956379
0.056087235374896544 0.07872544514000959
0.07593438225367811 0.07907467986417019
0.07619469718880444 0.07914768648455377
0.06750940407544406 0.08056169531993838
0.0783034517340676 0.08122726592897116
0.0772691628600281 0.08243325214640675
0.08367615771750078 0.08367748501852405
0.07103325237243212 0.08503796035653916
0.08407906162729717 0.08512530413741581
0.07726210650356055 0.089044915035904
0.08687914963341972 0.08909408336774466
0.07481237949404514 0.0898608109365626
0.08942199099709741 0.08998160828311785
0.08949049341164014 0.0902909719154376
0.08874397037259243 0.0905954275007274
0.0913372343070735 0.09148957678666216
0.09172177644093729 0.09193782268096976
0.0917688191103031 0.09199489290117328
0.08065665102890944 0.09403709048595349
0.0709744333973083 0.09407760889803062
0.09107451080513064 0.09477810959807398
0.08431670315016862 0.0961078037122025
0.053444403789514795 0.09638026170389405
0.09522746292079524 0.09760446731959051
0.08417889524576454 0.0996947230730075
0.10039277740193059 0.10086374096610541
0.0789968872916237 0.10199227342982349
0.06303705591578723 0.10209360954430555
0.06431932702432647 0.10672510054892204
0.08898692234658041 0.10703791116987439
0.08323660015831237 0.10750139390928479
0.10829606513559115 0.10834494618068365
0.09397605091609955 0.10879012983529451
0.1030194919151888 0.10903701882695215
0.05822761098981621 0.10918633088332579
0.052734469992175965 0.1096955784901212
0.10944122426771198 0.11021696427529652
0.11172718371535872 0.11474862177412358
0.11431650602022773 0.11480560625679401
0.1102927365139797 0.1164086542139579
0.11473945233633442 0.11656605313148563
0.11558078110932835 0.11659310152542145
0.08648233523380162 0.11710201302497814
0.11692722368190157 0.1178609503432107
0.1181979458837419 0.11819803827832016
0.113857257783 0.11823769773476296
0.11842295535560866 0.1185507256828149
0.1060982140084475 0.12000535884623767
0.0795095082845721 0.12049844343069777
0.11526928016043916 0.1214309994553749
0.09961811416933702 0.12232362261770523
0.1158285817775889 0.12290973911441026
0.12344881743095773 0.12348891364648829
0.1056898869569677 0.12418865130929002
0.1246651729438773 0.12467123303849818
0.11542607550707187 0.1250152635437347
0.12396595081345142 0.12687829531806558
0.12348153146099129 0.1281024647375034
0.1286549799841348 0.12905854948802842
0.11830598426239708 0.13009594453234438
0.11967428512246933 0.13040002594007677
0.12886050687076178 0.1306949610982868
0.1205158733716235 0.13095722240004648
0.13292697006259577 0.1330345774428413
0.13234599966353797 0.13326366698654624
0.1231459311206741 0.13334475417326563
0.13474868048121538 0.1348555439760305
0.12252949874787775 0.13503027331310988
0.08828374029760486 0.13522392614858247
0.12635070991852476 0.1364633052018015
0.13653876124780373 0.13794580948822974
0.1349109861242102 0.1382133666869609
0.12702536513962914 0.13847401036749976
0.10943713201605496 0.13861042468728868
0.1141388806166748 0.13880759806282889
0.13462192355404007 0.13956293220020505
0.13988319048554285 0.1398917921125065
0.1349062079812538 0.1401820966921122
0.11723839356788537 0.1406903568803731
0.13916487202918307 0.14134153693706752
0.14275268265811744 0.14290858829333652
0.14272713506046925 0.14317912210271147
0.1434678637940088 0.14363755234018033
0.14195700876511422 0.14385552974906524
0.139825175429929 0.14587482854425196
0.1351101488075324 0.14755016226676038
0.10901504330662443 0.1482822025769067
0.09985003667708495 0.14862433678308556
0.1448361950726705 0.14884348671989417
0.14316279632876694 0.14933067429441785
0.14892607311466444 0.14934613387636653
0.12291193536442757 0.14943031356410516
0.14970416222611438 0.14971066549270967
0.12364224348314604 0.15075464448113485
0.07371796103111289 0.15153015878613593
0.1474618572574309 0.15153651587703287
0.1436021789358058 0.1520387378085238
0.15068873867288254 0.15268831326251306
0.15273483428879292 0.15291196133426344
0.14792592432040064 0.15301524525068275
0.15357792480214802 0.1541209047788719
0.14981992867003985 0.15523062778446564
0.1548419875089432 0.15560611374280506
0.15396604264538558 0.15582697528273742
0.07298481292637439 0.15597940134090285
0.15794595609008816 0.1583044484446415
0.06823930175405256 0.15861590318152693
0.09018050016684301 0.1597937875989026
0.15677866502401824 0.16039534544381495
0.15789687190020057 0.16115815286510346
0.1491442856287963 0.16442181934158764
0.16582364309502123 0.16604090278413094
0.11134745034345814 0.1681910940292869
0.1584324160103193 0.1685173755539434
0.1581498530296182 0.16868226814354237
0.14205516270111945 0.16870458076669748
0.09375302083217397 0.17111704372729525
0.16903034904856523 0.17136105757101974
0.11624461506590132 0.17167147970386534
0.16917142411854386 0.17285126098118322
0.17330751200720196 0.17359377314444602
0.1715632247888352 0.1748097997183953
0.156443723340209 0.17669124185633636
0.14936918196261378 0.1778308124807763
0.15617099264186013 0.17927126168484092
0.13973935001331092 0.17946759883361543
0.1490466648940165 0.17966136202685495
0.1793510114284896 0.17996264350638028
0.18118186496557204 0.18154819161315633
0.1810978484623294 0.18183873085886898
0.1818842100245131 0.18205315738029962
0.17267763727295204 0.182492521343491
0.16005770308697764 0.1826618963502175
0.18077221380865122 0.1828246372222951
0.17630632453378317 0.18306715081106179
0.1410396465643518 0.18314289389047245
0.17172044862595426 0.18377907961233497
0.18551709599149088 0.1855557963155848
0.1883183367558238 0.18835730552372443
0.1773637108916878 0.1897902159009946
0.17176445471139581 0.1915216478531024
0.17853663846039397 0.1926820416759996
0.1525990216242567 0.19444722734372932
0.1798567351430324 0.1986609060978183
0.17250770606721744 0.19888679488411082
0.2012585825574163 0.20125973219758636
0.15159955972943384 0.20174713613816317
0.19984787860933878 0.20218933541036346
0.20054422291203355 0.20277477399400545
0.20121113099618074 0.20385191561149954
0.19445241669873342 0.2053577816925298
0.2027053852688474 0.2058388555100609
0.20465521168398268 0.2060470416770307
0.16948207118306524 0.20639340571248796
0.20741929303969162 0.20741973094503457
0.20809055514104957 0.20810294470105728
0.20410213015994877 0.2082206187744831
0.20544180640642623 0.2087250656080798
0.18163234562006847 0.20891976113801367
0.20184165234167903 0.2093096092061457
0.1235438579450637 0.21188057444429956
0.20868838880467191 0.21284271281933806
0.13065571777442203 0.21859674546976382
0.21007803464522032 0.21973397652229304
0.2150721682859484 0.22218262163284577
0.177135571627288 0.2252045508853307
0.22464483504063018 0.22540262027909871
0.12327621584783022 0.22694172155692596
0.22551471083502414 0.22730644568897146
0.21428623966511307 0.22786607111735557
0.1150825999398755 0.22848532359112592
0.20403925849528606 0.22855744642764686
0.23119546899669188 0.23238212356904395
0.10127994053293815 0.23459672224193542
0.13004574061223872 0.23742225898411287
0.23656579580064616 0.2387003499972008
0.23286923944724688 0.24048932944530765
0.24005836783224394 0.24602128832989514
0.11071625917814293 0.24910577594911254
0.24403528372902938 0.24920944613573537
0.1349008057859303 0.2501432911915845
0.24803403575094563 0.2502765339452346
0.13118892462925982 0.2504612206287572
0.2473234143853231 0.25070759538754417
0.24802849664562449 0.250717241651186
0.14940737249829392 0.2519688979319328
0.24731674066263543 0.25311085045751647
0.2539780614902425 0.2551380927225169
0.22418998160441816 0.25616541043346946
0.1756423413871429 0.25917115815707603
0.1458200637660787 0.25946740413737157
0.18699683014030274 0.25948544979657207
0.26074817118745575 0.26077066830090034
0.2234619920817501 0.261717247241303
0.26120820764323915 0.2646302005615816
0.2623270334115707 0.2671265697159088
0.2644430119946833 0.2677325346647267
0.18388515093092667 0.26823968816696186
0.26547908185444175 0.26892543896033644
0.22377281583507508 0.2696176224916169
0.2568078112175436 0.270727693633665
0.2611200306104921 0.27102222050867086
0.20537204037683793 0.2753832603602209
0.2783564092325387 0.27851046013999115
0.27896681656750216 0.2803101780419415
0.24929321188502956 0.28374070349791464
0.284914361637325 0.28504565674048604
0.2547347895009265 0.2875676798912497
0.28138752533772454 0.28783315619934746
0.27608915507101195 0.2889872723420254
0.28927779000446585 0.2892794143664972
0.26711737481507136 0.28984766234409504
0.2897178756773695 0.2899058620811052
0.2185762831847736 0.28991917095991027
0.23735408944901432 0.29237776705847146
0.2293399090654308 0.2935589342749684
0.12403480122461921 0.29397143831922146
0.26510493934501017 0.2947113718911991
0.2790393207887729 0.2953200246639133
0.16645373270422947 0.29560487606731317
0.16885250372919922 0.2958372770660121
0.2455033297302766 0.298988783739448
0.3001499612982533 0.3011096249737705
0.2753967934851467 0.3050593088915606
0.2831402778974341 0.3060567279074249
0.30802087102890324 0.30803820909905344
0.26171616999655245 0.3098012781934531
0.0916840405256984 0.3106302269455008
0.26122117489818925 0.31206888357815926
0.311422129185526 0.3121090608137747
0.19859711020221485 0.31224354452589065
0.2188335606896963 0.31468440739882364
0.294882698108461 0.31813067096993836
0.3148884015049882 0.31899230733252715
0.2737602928774199 0.32090679769608554
0.32104108926056485 0.3213886737675131
0.3247156158393768 0.32499633157006624
0.15054271786455564 0.3297107381993185
0.335185866287071 0.33519175052653216
0.3412057896647284 0.3412645517889982
0.33030555024283803 0.34145691972910147
0.28677239060890364 0.34172482914699576
0.2680260373444846 0.35124764385663826
0.24080411074258118 0.35494458572837456
0.3474913484615289 0.357678799783463
0.26927266480066864 0.3587429351054741
0.16026785076573946 0.36385484087193176
0.35664800340708613 0.36385618095715694
0.35540809606406576 0.3638614915330447
0.28741807068281744 0.36480952739143174
0.3656522463943254 0.3664591492940406
0.24982359236204968 0.3686636524697007
0.34988515718081425 0.37395576337298714
0.3731429722355065 0.3750209202531912
0.35163820567989124 0.3797239807123172
0.37773886583123323 0.38348989776122355
0.3648659323918004 0.3838921367699708
0.2938398132718066 0.3846395733042416
0.35178078483355507 0.3887479169854457
0.3918542082206523 0.3918715027831017
0.19277259963466056 0.3932412897199838
0.36271456641913774 0.4048182432476114
0.3917021312520422 0.4074257526127265
0.4087445580515096 0.4088149985193138
0.41421322966622964 0.4147500260300521
0.167126734131052 0.41477453469544395
0.4169959859462752 0.41702985037202966
0.4208055027877332 0.4208143198108754
0.1649867732974741 0.42204671118594544
0.37797984381642724 0.42237119356224817
0.41092258155471595 0.42374600262330714
0.3857010437797442 0.4264653554768436
0.4115713220614693 0.4269206506762267
0.41691967315732875 0.4315672740223533
0.4010670042145148 0.4343388119795122
0.36112974695707195 0.43561461955001973
0.38991753285552005 0.43768406756117245
0.43875735869251054 0.44100673898959675
0.280253804815113 0.4425103819135318
0.44294845227828933 0.44643691439330496
0.33241492099702485 0.4493892107059718
0.39434079950944645 0.4520222477882106
0.45205883947709685 0.45439450685542565
0.45594634342523443 0.45942057426199145
0.16731435918521004 0.4612289646453457
0.45280992553034527 0.46217041821480165
0.4590400401638301 0.46311173912389114
0.46161791221199133 0.46358250404658996
0.1521849931521445 0.46398015841572793
0.27297151963470634 0.4673438845498401
0.42803294424857 0.4680550156694661
0.44583539912536146 0.4693363378377851
0.4678390784198146 0.4750555238429634
0.4537461599682323 0.47580985863258746
0.39169505245186176 0.4770321965671885
0.4489585710835788 0.4796263847861066
0.4840687650506066 0.4847145840146521
0.2987658028739739 0.4853477626678133
0.47352560091663637 0.48797402256340655
0.4941654108382156 0.49595813251690024
0.5080907991700857 0.5080913285133469
0.4858873197489811 0.5089752865717051
0.33102524692430524 0.5140994050059666
0.3622248158346635 0.5207511941630895
0.5188926935568856 0.5214554597168252
0.5235507690973331 0.5235523195063551
0.5270800407836145 0.5313751163271282
0.26053748495139517 0.5576872380701596
0.5085848094946145 0.5628489844126788
0.5672785568119603 0.5672890303381093
0.3053031641043683 0.5677921744474446
0.42755021324561054 0.5861535639126141
0.590963265446459 0.592724921843827
0.5541472013048131 0.5935251014217481
0.5445462794441996 0.5955091486158081
0.27440585628953235 0.6042606648642364
0.5908547479297729 0.6125078749816942
0.49098593951903297 0.6236231599582444
0.62010475523042 0.623919612775012
0.6121232681745158 0.6241787790750793
0.6145387792424964 0.6251838326239122
0.6218236051720721 0.6265588418813188
0.5170243410712008 0.6406641292917951
0.6379203376114543 0.6453004066670797
0.6347132460601752 0.6459459855618664
0.3363460381177049 0.6472814984500753
0.4875074043069763 0.6592979463905377
0.46554644121026517 0.6608052300019737
0.6669899595372234 0.6674570589297066
0.41521740531974993 0.6711891776452088
0.2704896826786891 0.6801469120524195
0.6056228013647005 0.6823403920749008
0.6821521655418705 0.6827264847477431
0.5608609859504169 0.6860423111969599
0.5139609748062876 0.686289346082351
0.4649742051802556 0.6900979327997535
0.43303284108901313 0.6902313475400407
0.3966453961175349 0.6933375887806849
0.6950051284041213 0.697407349793739
0.6908007370219018 0.6984292402537653
0.50503845890845 0.7141033251357032
0.6806050613837014 0.7301504400956043
0.7303264452482705 0.7303346337848088
0.4226803934751152 0.7319020901265415
0.2986716745064648 0.7335579434422261
0.7211407638523492 0.7376539589859523
0.7334766818529678 0.7418492383287643
0.23932656361322877 0.7450491108799845
0.7453793624320109 0.7463300062094739
0.7402966239397197 0.7471471209224466
0.6685025539204983 0.7502921278856468
0.7484118433902032 0.7610039560627694
0.7456915365460761 0.7655549157938
0.5532170151793364 0.7822594128912855
0.39302365365095054 0.7851980300316429
0.3603618344932267 0.8042607526476454
0.04529976192525091 0.8131904064965828
0.5355293584536078 0.8166213989420726
0.8551910617817357 0.8580949643488552
0.8989448442934997 0.9017163289325859
0.707621236055719 0.9017889016359596
0.9156122224116825 0.9211972689698854
0.9271465418003081 0.9277043751447132
0.5236659793790222 0.9329675504716338
0.8975120580403093 0.9567650668202372
0.9926937310309552 0.9928333689177987
0.27954853898175414 1.0183780221174368
0.31484000163358183 1.116197430029667
1.2387099945272475 1.2481621878624347
1.2481381929988964 1.315122301890504
0.30884642261965756 1.318530087611902
0.2459190214174607 1.3461844907401517
0.29347595830545803 1.4481958857680886
0.26272173630813755 1.45465613667595
1.4732243735641353 1.4770478856672369
0.27223311418958596 1.5099228424119198
1.6496349742276948 1.661520972967397
0.2458014342941641 1.6836075768042833
0.20190030643047963 4.000000961748366
