0.0022724439029792455 0.0022761729364986416
0.0038147203549323055 0.004013637145154344
0.003459887789091598 0.004301844875086542
0.004047394614344373 0.004536598044271927
0.005948487182044923 0.006215798424410905
0.006544236320997653 0.006831289253567331
0.006816676646708835 0.006971459899257818
0.0072130533781782965 0.007488212838582136
0.007133747870203432 0.007649473687993165
0.008219467793153128 0.008354078278764613
0.008452787286720194 0.008718944057726927
0.009002774878107194 0.009170664767777021
0.007922712862872853 0.009254569549222137
0.009229372599140096 0.00933076959887307
0.009840395316231838 0.00990513907117834
0.01008593711967517 0.010216762046922838
0.00903258967860589 0.010488621236437885
0.009472404784895036 0.011703673682256863
0.0110528711472441 0.01179718381632325
0.012154917752820757 0.012233763944622666
0.011275426837246805 0.01244362649443077
0.012308190667869326 0.012509239345967451
0.013789649308441218 0.013833005239933246
0.013592249644898625 0.014276371667746337
0.013851529485701689 0.014549739772878878
0.014537574175525633 0.014633816466915495
0.014883714982507214 0.015199931441892642
0.01424236135448859 0.015240648977013514
0.01330862931984898 0.016078750229540136
0.014578525306204805 0.016346284477097364
0.015893229072030474 0.017062360114143325
0.01319673448358007 0.01765686396539901
0.015463546818670584 0.01766836562963199
0.016815234728192935 0.01880890405048571
0.016781172035528726 0.018956029826009187
0.015749218178274814 0.019573190516809575
0.018624038253314934 0.019784821197249513
0.01472033301785498 0.020332585892125568
0.018408464875052696 0.020443017927667798
0.0207259782789826 0.020830377655001762
0.019854579027040794 0.02150844326094376
0.019749093801589884 0.02185119605582204
0.021138269155476737 0.02269265802171955
0.02177860991935737 0.023050066353516044
0.01880872808864812 0.023110792218729977
0.018954198061654975 0.023415615874240448
0.0238097266599581 0.023951148303640875
0.023737597401491277 0.023951734854949294
0.024399357266968118 0.024548361292516228
0.02455316084157477 0.02644047708295498
0.02563202378894326 0.02686091565976567
0.02208623921311053 0.02691108016837287
0.026579356983857633 0.027725564173647004
0.02606975707751368 0.028068731191654244
0.028585098873261508 0.02859770314759241
0.027649274308940923 0.02864981081388034
0.02935853650538549 0.02982784927419479
0.028303019482536006 0.030096463453792934
0.030044220746582653 0.03011466803461136
0.024159668030197635 0.03038604254612678
0.03099891576232701 0.03142908000508304
0.02918088249789218 0.03278759096517051
0.03066784116844971 0.03337836939535396
0.032439554444260055 0.03431431975990439
0.03386194758022449 0.034527219107736214
0.02852289476711512 0.03457299184800249
0.031146579075835144 0.03466536495296039
0.034330970130470026 0.034701377489968106
0.03330642038019635 0.03476595855452009
0.035160570000491796 0.035166785613705016
0.03278668581040669 0.03525116693664793
0.034636721914350424 0.035277534156221195
0.03219209283342735 0.035306393245593586
0.03502600330211527 0.035453947433472875
0.03605555516230537 0.03620076272608774
0.026313659517291102 0.036423660490689624
0.03558650047252285 0.03642727671030444
0.037013440206764905 0.03736427117487881
0.03759444671153742 0.03812036318351362
0.03810374397309839 0.03841734595182663
0.03631126125557026 0.03843926253936499
0.03688496956422085 0.03936137743187311
0.034918488490210696 0.040220040013118095
0.03402209192450804 0.04049243015254844
0.04010598734988699 0.040718582024317634
0.03625592273647451 0.04114075911894096
0.03415370560816214 0.041503299678666464
0.03193736477495746 0.0419046036810124
0.042014448571001686 0.042186957298979394
0.037843315824073444 0.04220450500437599
0.03606604205302423 0.04220643719842715
0.035505646364793246 0.042635388482176906
0.039597621611525635 0.04329394929434326
0.03737875178040562 0.04352670298568527
0.04375209793594813 0.043762424561423215
0.045016958963674164 0.04537518109992936
0.04526648933797254 0.04727525339475598
0.04163523563612087 0.04754200407780269
0.03635613753818797 0.04774405027429986
0.047637804172601377 0.04807242013100994
0.04620366041186215 0.04840160415953816
0.04678788546396434 0.04904399393012162
0.042480547994253395 0.050184020825780926
0.0460180066077642 0.050226292851920054
0.03981174506991867 0.050291452095143255
0.047817539900597665 0.05112639076950179
0.05134589472319147 0.051458021439035606
0.05123738871887473 0.05348454518580971
0.05245476122170237 0.05411578063788353
0.046642450299397245 0.054845760591963104
0.05342191094198934 0.05524873654341606
0.04877691242914626 0.05535000053148693
0.04533696963356546 0.05610339124864686
0.0555199935860352 0.05656933484310695
0.05599665782506162 0.05742568716878908
0.05661523865346186 0.05758754993619936
0.04438744429802685 0.05776203777327935
0.05082656161865032 0.05791032180311765
0.05810328454488742 0.058115326700388305
0.04784265137213339 0.058664925064391166
0.0572591756959274 0.05977053439181793
0.05826188456166607 0.06034893706313152
0.058541685556241556 0.06098123681149925
0.05754824883961607 0.06151509629922398
0.058640484277594176 0.06190871701049986
0.06083214507319443 0.06202039071460537
0.058652971588674385 0.062179976312562765
0.06215141897592703 0.06286823583777151
0.06215593634460524 0.06309148111831592
0.06235847435437028 0.0633178024434987
0.06089334574253029 0.06354489693878364
0.06394626943560958 0.0639479942956774
0.06376215485914356 0.0639837213526678
0.06457539200120718 0.06458949564747712
0.05967513093898025 0.06599423321945401
0.05789083719692686 0.0660349065711123
0.06668957570764467 0.06687608371048445
0.0637885120745332 0.06763528230291947
0.060084465860095075 0.06910439203715565
0.0657379029808768 0.0692007362872218
0.06414644646336311 0.0695913683235247
0.05075314790527939 0.06971117609067032
0.068705800474445 0.06972935552230324
0.05090428370579916 0.06982894093807313
0.06570693527831767 0.0700636906648311
0.06302952398513967 0.0700962052090281
0.05139877476990498 0.07037614233455364
0.06680565766036184 0.07078786154710462
0.04779646863842878 0.07101905479346465
0.07157639077482143 0.07168388407209841
0.0381554056001864 0.07183793843260024
0.07185442636539481 0.07237178464045539
0.07257490500885233 0.07266148477523506
0.06419169106104892 0.0731110188170792
0.07363893583238232 0.07407842254538755
0.06900266900229414 0.07444744190965516
0.0750188780924213 0.075080454943005
0.07010850398020117 0.07511388452459165
0.059792737773369756 0.07564967739012722
0.07589067697745182 0.07592228019046464
0.07019592390300747 0.07614825025454733
0.06958564432926759 0.0762730369902815
0.07525636666022782 0.07660726984515846
0.0440052669828398 0.07663885501944272
0.04111285104506733 0.07670600819852177
0.07645425320264349 0.07688323035605142
0.07571962523065058 0.07716473585773555
0.07701738410242748 0.077728639682814
0.059317744054117286 0.07783302211985653
0.07644771081287793 0.07875735828654769
0.0756151354145066 0.07884223390858736
0.07792478252869169 0.07937059642960885
0.07784282178346588 0.07957522948498859
0.06620680441174862 0.08078025991799445
0.08245685889951948 0.08260941652298986
0.07844652456316548 0.08285858142192543
0.08325911377762218 0.08484321983796168
0.06906650105361475 0.08492494645423421
0.08226259633753691 0.08547365954693333
0.07119298687811038 0.08563841782908668
0.049532031609146064 0.08715517130894633
0.08147616030840572 0.08730741138992217
0.07467605502112978 0.08930485945958407
0.08769655330386987 0.08931570007480703
0.07122137295295221 0.09031953780027717
0.09008564609968855 0.09102804037889918
0.08495720167229774 0.09168689380754258
0.08946818922591558 0.09172529140595383
0.09198063125230416 0.09241980299602925
0.08319913087123612 0.093953049054026
0.09243512377284242 0.09416485219646166
0.0850646268702277 0.09533778074375604
0.09541587453507723 0.09546882873222734
0.09317233753917545 0.09637649959210609
0.09161803514794978 0.096928975734852
0.0978260629280625 0.0987433729448388
0.09787348256316128 0.09884319723904599
0.03694578241174275 0.099338271342308
0.04720051832382785 0.10249634533572527
0.029020923167308064 0.10412548080024434
0.09535755640327559 0.10562054613473382
0.09875732915290306 0.1058784141120326
0.10093504010840737 0.1059272835114569
0.10428590098993504 0.10730601287036486
0.04033523653460421 0.10927423158538697
0.03296907640935238 0.10961241192084552
0.10170885183400398 0.10969382427898691
0.10217531860855258 0.10972218341982996
0.09420088555073554 0.10999892670003303
0.031952329393573835 0.1112148981125822
0.09401454111674316 0.11137790189312452
0.10302967124395321 0.11189274096360523
0.09835030494609048 0.11264560480365976
0.11511609300321803 0.11523259429723375
0.11750185404794852 0.11758495075380483
0.11293342289753872 0.11865427545040193
0.10364841788314998 0.11903002775295568
0.11899868924981367 0.1200870955495195
0.1123542333280699 0.12018106303446732
0.11716864923357938 0.12076979318829147
0.12089489902364062 0.12091401677582159
0.1141149638946059 0.12126314465390092
0.05295183552567466 0.12130243039963512
0.09099253703892002 0.1217560665757725
0.11106716818804178 0.12207805343885648
0.12414044766335341 0.12414870001807385
0.12168964466882166 0.12552314344333476
0.11242818759328663 0.126260963959282
0.12466465831462364 0.1265258859808214
0.125679458601114 0.12664058719686724
0.11968565842700211 0.1266552063464853
0.1075567509935168 0.12752780563928973
0.10296416771129738 0.12944462531402007
0.11898507554937571 0.13034225002262437
0.13246763076182977 0.13247599649546674
0.132213460714488 0.13280208849782518
0.10214061555097237 0.13312992015874506
0.13172996208798415 0.13423365436458468
0.12089586477854078 0.13453335660941612
0.12821725205993262 0.13486668729815376
0.13438088215518557 0.1356149012064081
0.11803790331435662 0.13666760090775076
0.13183754738450237 0.13668700068330425
0.13076855740264356 0.13672362630667925
0.07108450324417492 0.1374771771788546
0.13419938040214016 0.13857308639071336
0.13992274067415253 0.14002562420100273
0.1383859850336466 0.14131946942131318
0.14125575280445732 0.14139252310833356
0.1273971112587193 0.14264059972708643
0.07893773803140025 0.14381268497998684
0.14275293839368633 0.1440743961463702
0.1447955809798426 0.14486369754688289
0.09944790695061242 0.14488279843872146
0.14443170316486725 0.14559932520266788
0.13965854874966857 0.14562640174486952
0.14570981355416363 0.1457739820916612
0.06012259700001709 0.14626323616650713
0.13032155733218972 0.14666910375905762
0.11475715739053596 0.15028979704106224
0.13620549157960724 0.15255335282174506
0.14864634503861487 0.15384011469562606
0.12295943788828192 0.15429279571083215
0.14872436279576226 0.1545172510586628
0.10891188224002674 0.1550600368179081
0.1284593585640805 0.15748092507344622
0.15881541402084412 0.15961544868155758
0.16111800293180867 0.16120414905747732
0.15718704066496494 0.1623473831842864
0.15882531026293134 0.16407379402674668
0.16049895799072583 0.1658156376728631
0.16841789941080862 0.1689243494555742
0.1693188259269225 0.17052064844090523
0.1558325688382181 0.17148330484693525
0.13911096304513076 0.17202818236053483
0.17553812585948617 0.1806445590088253
0.16580989684687367 0.1812513804613875
0.1793595749071136 0.18190253705628304
0.16096229227307104 0.18374803281905785
0.18556251651341724 0.18744061185322614
0.16020854044402522 0.18829614376299242
0.1866716196988146 0.1888974721562697
0.16748246030385106 0.18979261672736317
0.1845193206455826 0.19211814578893885
0.19212639108528048 0.19329567474709575
0.18938120487186064 0.19484568923250414
0.13175618810078127 0.19642775484318845
0.18961293069240664 0.1970085529389106
0.19669479525564887 0.1973347895293036
0.15875403898568835 0.19940650895171247
0.13061286941268235 0.20129473441922943
0.10712615898032177 0.20230109399685045
0.2027633881375458 0.2030662948642831
0.18520087421371756 0.20608224554478374
0.2054217362228469 0.2073811606594384
0.19098128619475968 0.20746762635190052
0.19351372562774138 0.20805710695757806
0.14728025528911087 0.20811431043238887
0.17315778490174072 0.20958561127680142
0.1939222932805193 0.21326467511613917
0.21432496385793984 0.21496364235614907
0.20691309884230302 0.21520719826627688
0.11666196100788283 0.21642410576895235
0.15537818174934445 0.2187687648135003
0.19241429756985462 0.22048791817767782
0.1827724270495314 0.22095793585962603
0.2150913868596405 0.22138422428387042
0.20442741804087597 0.22349905405456225
0.20619743971533472 0.22395073960708328
0.10500655215990387 0.22429952297430222
0.1965212992003008 0.23467487279639485
0.2347735948169789 0.23493888369031973
0.22761287695964116 0.23663455946956705
0.2309067132494364 0.23790992180026088
0.22875368061013132 0.24573187473026967
0.24633776122261503 0.24800386437791494
0.2151477115232108 0.24852614038288312
0.17537313036124708 0.2499213126892369
0.16993876626582585 0.25243726074233774
0.24414608507926325 0.25302285497826765
0.25444665654485893 0.25551619619808297
0.2527227884732236 0.2585182174314852
0.14822820194220387 0.25916602724707766
0.25969355007305905 0.2601042379722855
0.25472696699734315 0.26398080495195575
0.09704037867959858 0.26440930336365903
0.26459376822875225 0.26559650298259097
0.266267445852079 0.2662719353589963
0.25912778758191135 0.269326324818437
0.23462614990819938 0.2725295347294067
0.27146859345176927 0.27477754631427964
0.26324454506350403 0.2751398418149471
0.26367416328822946 0.27670049901965815
0.23165955059487592 0.27810966445026114
0.26727082321443 0.28052531784163404
0.28173098095244736 0.28570187113588286
0.2822728120255162 0.28610584024067576
0.13683728721894142 0.2872582314375819
0.26715962209663024 0.2923485258664647
0.2914084921728463 0.2948659670445279
0.25209668488633397 0.2966212903815233
0.29385756933130297 0.2982964658665187
0.3010817607193385 0.3034878635271863
0.2433959025074642 0.3059243589166592
0.2984397411676659 0.3059431748008259
0.30294157504732155 0.30640820195290464
0.304908527019603 0.30717203403745746
0.30867262803321655 0.3094342444955122
0.22885967164530716 0.3128814750258199
0.31134628837437067 0.31389411512202753
0.20876820888752629 0.3151347901035887
0.28952735254388673 0.3169648846108689
0.30130599425358945 0.31724782076253044
0.3124021258253127 0.3177920587872455
0.2927514123638715 0.320255105183665
0.314476011487608 0.320667646343345
0.28647156900409015 0.3217901941102341
0.32755094813979996 0.3280162522806595
0.3166913274980695 0.3285286835888218
0.234984831639429 0.3286739066686697
0.3293737464638601 0.32952913747211043
0.16752262213461147 0.3377638263727574
0.1260591991180991 0.34091001535902304
0.32729966102307884 0.3421131443575219
0.3442099402906001 0.34421211085930525
0.3068322940775736 0.34478551033549804
0.346792338923369 0.3475295418574028
0.34149075776237436 0.347548775488732
0.16505724797578905 0.34759007989674495
0.2774028855161651 0.35212066003667486
0.3539318633324442 0.35545051939569655
0.2787139421331864 0.35846513379336886
0.31249386520212613 0.3588259407699922
0.028221278071155945 0.36196592133212024
0.2933775068283193 0.36993043816671095
0.2353034501482418 0.39151019088851297
0.3766098590748293 0.39877827704466207
0.40556340787254463 0.40573078987934086
0.40710354061312704 0.4083656387818731
0.37645375504702316 0.4105328083254685
0.4057552717992311 0.4137054346063726
0.41541100482115834 0.4159262689301342
0.41443977456333586 0.4226459496165907
0.3460750672645109 0.4227766820621587
0.1452308065185438 0.4248497955607175
0.39954196665681774 0.42562505515351984
0.28778901575370003 0.4307880854957236
0.43005495080131906 0.4328654549588809
0.4336145178711377 0.43476140422466425
0.4077424107207452 0.44031213236167394
0.43539918888997997 0.44070522885807173
0.4372074435897932 0.4415353488323767
0.4146356785597884 0.44168502649605723
0.4498618593491233 0.4525431406527612
0.3541501430649483 0.45448397159190673
0.258675983178326 0.4548341877750068
0.43406942607667354 0.45799066661595633
0.4548942409965623 0.46046404210081876
0.41329976301065996 0.46118799307817615
0.4013251381162827 0.46160865814931346
0.4560431887805174 0.464401982158614
0.37788307741350713 0.4727450152764823
0.4741442613321504 0.47672300652919003
0.4311149458362378 0.477650846517578
0.29226297021798575 0.4932750181838811
0.47091119656942804 0.49595823827063135
0.18587807301398934 0.49724896435618676
0.41607321856464213 0.49963582613358015
0.28785798163610093 0.5009522995234656
0.5155065408203837 0.5169514132632947
0.3849417533788225 0.519323193327253
0.5184973197222356 0.5226505892203075
0.3212333704939427 0.5266024149950866
0.498807982105333 0.5284316116314594
0.5022106964234097 0.5340749494680072
0.5434193980395966 0.5434385022861415
0.5414663767962337 0.5462697766823469
0.5386021094687253 0.5478492939367585
0.5376705823025908 0.5507583798139774
0.4731305068699583 0.5585316460198592
0.4194971794010064 0.5618375241495631
0.25637255046134494 0.5632107468434007
0.4695173717274098 0.5718378835124652
0.5577214153284158 0.5735258316929766
0.47594936559211387 0.5762632849336443
0.5853940960007245 0.5857740882673865
0.5427358531401449 0.593146400181234
0.5876140188312032 0.5945317872405599
0.1855996072957773 0.6002383745454991
0.5613815048386244 0.6009948430528483
0.6083791009948714 0.6104842433853342
0.5435044451226819 0.6131673920579152
0.6137180671022106 0.6141856654079733
0.2538356647548987 0.6159813647567038
0.6069020047029549 0.619848358813044
0.6238572135713523 0.6250649929709717
0.4985842490895466 0.625775775159183
0.5626062045888973 0.6282185983334803
0.4722647093547873 0.6307287594722579
0.6135146674251347 0.6332639432836226
0.5925124836537905 0.6387763286516648
0.6573224047490166 0.6592436460810447
0.562428255940656 0.6644839025262124
0.3404674559775664 0.6676050760891559
0.6814512018868256 0.6856405480628281
0.6929800338721798 0.6987164476585116
0.6856290234597323 0.7070309142393176
0.4522291475781972 0.7138534628651635
0.6911345874673521 0.7315677271861376
0.511989782847712 0.7468324755466077
0.4550988376721544 0.7928985380718966
0.3308956406474378 0.8182534980190109
0.7916919620850312 0.8212319609852912
0.8086900663123424 0.8384314235507845
0.8433305304977021 0.8445314706517562
0.6447019681873847 0.8449017352623989
0.7990684365470292 0.8470551734017941
0.8475647497067578 0.847603416364768
0.8453633240564558 0.8591235841533303
0.8326790184198751 0.8606630186258121
0.4134451695758511 0.895131183592721
0.8160038948571582 0.9036146200718761
0.7982249241112356 0.9038627247576658
0.897926371513387 0.9133514527999508
0.9110772856432031 0.9203198634691276
0.823144203598483 0.9303681918093326
0.7424075378612629 0.9350505958776105
0.35172728456379887 0.9366138397856507
0.947376048293798 0.9490746130415584
0.5637625757625996 0.9491110032177785
0.9407563302312341 0.9638176295632259
0.3641939719960323 0.9743434814198321
0.27176401828245356 0.9833144888863926
0.4420202647309711 0.9972847759574193
0.35535846222439404 1.0313959243375332
0.43803531962613457 1.0847858312015513
0.43611573395162295 1.103629384281721
0.35073647573860817 1.2217023656660082
1.072476266559589 1.237383121928904
0.25468022713163124 1.2441142255173978
1.2302524841364293 1.2608019802528947
1.2642936866752883 1.2643435122194606
1.2659380765036623 1.269593499544361
1.2274640416908615 1.2710363043734654
1.2747655384861039 1.277138022803595
0.29425689081953443 1.2795766060119864
0.2668991789189668 1.287620109936431
0.5861541784773509 1.3383475281644621
1.391677081576585 1.4222662236971086
1.4748833447302407 1.4754519746935417
0.19227129049495217 4.000005896009185
