0.002558765559316267 0.0025663969634368987
0.0026746456898095335 0.0027734411106339423
0.0063924028452148705 0.006511333229687981
0.0069504608845464624 0.0077262972007331905
0.00930955244612666 0.009311969837771486
0.010706860477824603 0.010708151936710182
0.010564222780525021 0.01105683272849156
0.011180802927268434 0.011231535334143106
0.008673777383561312 0.011442418137012158
0.013035849021492258 0.013617385451336502
0.01228581061430883 0.013812347555695327
0.01268149404932679 0.013953108036651358
0.013617485830725168 0.014054690682121526
0.013832939220116714 0.014100598374923997
0.010196516064281184 0.014118252925735186
0.01314800039178183 0.01415057132856821
0.012734374283256128 0.015053554498713801
0.013452280489993352 0.015841818673164802
0.01533536418501577 0.016130539070783066
0.015008067040543556 0.017194189330493166
0.016667935652529376 0.017583616229634738
0.017320472088123755 0.01761634853255657
0.014858274019955573 0.017708422191715586
0.01802891131742562 0.018134598088866728
0.015727147167439726 0.018183602095504712
0.018382644775879607 0.0184002752454579
0.01884707597124143 0.01940507573807827
0.01875329305796759 0.019993201728996195
0.02066495277347573 0.02066669986351877
0.012128906954309918 0.020691750085562607
0.02052400755553572 0.02118154387505843
0.01504432420444958 0.021250482430236146
0.02189164935700516 0.021900201185443533
0.02164779367756214 0.022636746538701083
0.023352214363291903 0.023561174044008173
0.0214733949907481 0.02412463917976258
0.023521635704510158 0.02418206570192341
0.019173383210628312 0.024509030428082224
0.024841162700897874 0.02484173427213355
0.021694312369139913 0.025274758906448116
0.026056976466103055 0.026192818881223566
0.028442735048055154 0.028443272218062247
0.027358024084380147 0.02848693188713746
0.026325457564367064 0.02872368452091616
0.02874275619336567 0.02877918266167177
0.027917131952894976 0.02907952715086711
0.03021390438249133 0.030523195111904284
0.028131900812158068 0.030526012815630683
0.030161260758384226 0.030838607754037843
0.026792504371155698 0.0311535602938109
0.03123575196441457 0.0315330966432205
0.03077580182285631 0.031709646122812594
0.0317734966230988 0.03203292100808972
0.030974735921800497 0.03232516935353838
0.03230011600138112 0.03237019992269092
0.032607110892619674 0.03332683174971966
0.033270628917454026 0.03358066012144616
0.03311326065690784 0.03433708761348316
0.024860528764121224 0.0345174030247964
0.028951654355411176 0.03509882781558374
0.03212637099777534 0.03582340407687774
0.0350552601596411 0.036640910184115166
0.02731888771086643 0.03687779154535805
0.03549942624728045 0.03709014130189438
0.035775328467801085 0.03724264471675248
0.03459787582806318 0.0378690220660548
0.037822638631768185 0.03839238312729236
0.037991938823602564 0.03864752576769559
0.032292447976756795 0.03886284312265613
0.039694098718393786 0.03998702300357051
0.035744349141904164 0.040171052175739436
0.03120928515420053 0.04103540388458521
0.03681150044125211 0.04141091606607592
0.04122650784588564 0.041499616174679455
0.04035474684136783 0.04172745933442717
0.04194122832512144 0.04234307159957379
0.042911179450429764 0.0439865131932381
0.03867235947495959 0.04490014235330178
0.020339245675641802 0.04577036293294592
0.04515642873967581 0.04629165038983397
0.04560350988242145 0.04636318910645174
0.04439084105651924 0.046551565823349884
0.04693255168415177 0.047019660401772786
0.0442485562932483 0.04723878595871992
0.04721753411601086 0.047319722724925115
0.0474212553844736 0.04743820988206151
0.047168753100001924 0.047587171513851466
0.046772458440999184 0.047784322601044
0.04794697246877582 0.04799668391078404
0.04347841609681741 0.04821420982161715
0.048347322607393564 0.04839119880012802
0.04661672494038407 0.04920585435990424
0.040947440903440276 0.04937703843666565
0.04602815373115138 0.05016653737498433
0.03736901177688618 0.05045129176316074
0.04574318598984517 0.051268742341498356
0.050226666014551176 0.051555953570096236
0.04617376738352261 0.05156919322767407
0.05157140366895619 0.0519965305438065
0.024679879893031817 0.052313655416310265
0.05095012049734174 0.052898619986086574
0.05140613725554259 0.05350480692717264
0.052486040269020234 0.053574974052805195
0.0532247713978952 0.05385994886374993
0.04971462085264973 0.055229916964759665
0.04745859697963704 0.055338942606900886
0.05735275113481461 0.05817607723549041
0.05763175379484212 0.05926167599798919
0.04993989700877367 0.05948387783569076
0.03398387670614307 0.0598002182335001
0.05013171414150684 0.06129009344836079
0.06141195621384223 0.061488546765000755
0.05621333634549842 0.0615838286999224
0.05488989213205828 0.06189735827725376
0.0615921203794433 0.06224903046249013
0.0369081428224588 0.063144287652584
0.056985563752961 0.06367728516459172
0.06040625324362448 0.06393818161566223
0.06351523265007473 0.06418800211641841
0.06312973621182275 0.06427469419291516
0.057914915362435634 0.06475266870934031
0.06005668474350827 0.06489284720793752
0.05957451080096389 0.06603849105786772
0.05486267521652605 0.06689798389281901
0.06341314848958905 0.06713458321131711
0.06656631792030415 0.06735320086739147
0.05421536066503914 0.06917755954956335
0.05853449726190218 0.07008500418043975
0.028119596423618987 0.07090171118361845
0.06322645852447971 0.07152089790070969
0.07191037345656012 0.07297734158920485
0.07311252586424587 0.07352432593213927
0.07027025669455235 0.07451666009659434
0.07342445147641066 0.07489864034219154
0.07476816082915172 0.0750164955434304
0.06484401131120379 0.07519089370380241
0.03709221300770679 0.07539092572182995
0.034158988195894385 0.07539962532235948
0.06043916718255428 0.07545531041315721
0.06213694260371856 0.07675903330885545
0.05881197751029862 0.07748022910043051
0.06800188007550609 0.07899662207242372
0.07695516222181523 0.07916256490129597
0.031160698169003374 0.07984143121254407
0.08013645609948136 0.0805002939957986
0.07975832717028417 0.08104742899360075
0.07953008862768642 0.08210940672226068
0.027683431873115318 0.08281017299713017
0.08325078644599182 0.08326348518480298
0.0851700784044579 0.08522937329015744
0.08525943826647267 0.08526009591584335
0.07269912225899267 0.0852695970928185
0.08202027902185201 0.08611492566187083
0.079645464279909 0.08706081118102087
0.08902093341220839 0.08915372616392228
0.08786151659486251 0.0893080003620662
0.08963756958512141 0.08983621133726809
0.0834394822441926 0.08999925281068938
0.08965406930202746 0.09033303141009544
0.07176094366249366 0.09131492413684902
0.09267182391666669 0.09281869564105111
0.09252605933744465 0.09298226942168085
0.08446623815617718 0.09331826518235084
0.08948797960136506 0.09339082517061364
0.09372540203426714 0.0938087480352337
0.09108033421524664 0.09385713773197552
0.0899144319321188 0.0942606463752276
0.09444942750135288 0.09637721688938604
0.07030465581361849 0.09814037718617523
0.09578788785274 0.09823266238040765
0.09828813938493229 0.09859742226499041
0.051702228078037676 0.09875076546337806
0.09522591541453045 0.09941697631292461
0.08649799986773272 0.09971622106068101
0.08996028664540463 0.1000127596564693
0.10012978911166605 0.10044163723395955
0.09904325606357509 0.10086939211437483
0.08897138921800485 0.10106403216185009
0.07692626260300714 0.10214333530469645
0.10192111191026873 0.10217722288775902
0.07777697971582934 0.10218215676277852
0.08925663746342369 0.10238612415124665
0.05733123467777962 0.10355369747281827
0.09878120502724677 0.10394284269477021
0.10393615691698062 0.10419465386918436
0.0856235405647416 0.10441064407270245
0.10298677097641572 0.10511834415436912
0.10162952911035544 0.10575962265599763
0.10701973992638009 0.10701975784260442
0.07513827202961945 0.10711099790506153
0.10406317216269356 0.10737225010156452
0.10891029384621621 0.10898968534909322
0.051946806334406584 0.10928543528096162
0.0795671908282864 0.10968239451141741
0.09770154881944648 0.11293685077921949
0.11096895358188727 0.11322286360267288
0.11321153294338791 0.11349060306293479
0.1141141317223442 0.1145676916774095
0.11107827932621975 0.11480174638945943
0.1181306240362318 0.1181505834241363
0.11761462745516409 0.11844170943790122
0.11073628877504303 0.11860802885397592
0.10392779224509235 0.12048072573068519
0.11924614242388824 0.12056840492535939
0.10951141876689013 0.12151286141491575
0.11238032366655074 0.12172902338758285
0.12155293443520986 0.12189669489785662
0.12021692558626464 0.12275434898002158
0.12404895098658396 0.12412858111105049
0.12413155631483459 0.1241320490902456
0.1255479545155198 0.1256583945218765
0.07571415243532674 0.12583046371890755
0.11702685244097373 0.127086096743559
0.052476277348877845 0.12794348086214033
0.12251293475095423 0.1294307621829457
0.10983056939994874 0.12993975150255252
0.12928686109963056 0.13045864256227516
0.1301157872959292 0.13069381935044516
0.0932529115016808 0.13074133777076832
0.11072580600717985 0.13212994319286447
0.13232267291425387 0.13233239141400063
0.13119464457462915 0.1324030551532902
0.1315423943803366 0.134026477518603
0.06664571404661478 0.13499190524306293
0.11370104104584189 0.13539949229305429
0.13282286222894457 0.13620291135044757
0.10513961776081257 0.13639342741374164
0.13274636084326744 0.13668112336980676
0.1366902689776354 0.13877646355383316
0.11951845867575865 0.13897768487547343
0.1383683719783848 0.1391417380739475
0.13952378640770127 0.139552847628144
0.13815083178940382 0.1400223592719999
0.1407629021540478 0.14080370376101894
0.13969881637814807 0.1410013927240665
0.13897418704522851 0.14311592296933828
0.14156291785891847 0.14481754768652536
0.1273993394699364 0.14702911174618655
0.13690402466780519 0.14722325767904998
0.14653501843330927 0.14823785310203638
0.1181239093833451 0.14953302755330627
0.14702202446534246 0.15025982411343727
0.1483211103159932 0.15080302810194438
0.0640907689060886 0.15202799151223134
0.15039108705450044 0.15220801571855852
0.14808073445984235 0.15265183303319804
0.15271988435585399 0.15273339495970337
0.1289486709360824 0.15360213760024713
0.15201286495215338 0.153679174336661
0.15362521923302425 0.15392287693500956
0.15309943219040972 0.15431190128966593
0.1461873398434378 0.15642911469018814
0.10071716897543716 0.1566782515181917
0.1178873263542685 0.15798943672326396
0.1538485194782035 0.1582880948430015
0.15073906199495093 0.15835735820481123
0.1551776095172773 0.15867106031985465
0.11280731013175008 0.15889347085643946
0.1329170121920558 0.16400765445742274
0.15214525017387762 0.16487797212365635
0.16614082862310123 0.1670116055966821
0.10776190110932904 0.167119706549727
0.15826162782447967 0.16725989982428666
0.1489533365146169 0.16784719058578979
0.16364805943241112 0.16827578177085825
0.15050192762874182 0.16954939146599388
0.13535645628664444 0.17200061186888937
0.17195350830279743 0.17200322663750883
0.11615385481350823 0.17338135686358172
0.1553732052532456 0.1796879883399139
0.1087117400878551 0.1813488610673399
0.1663433070198153 0.1823322714968391
0.18245615756809894 0.18386529522683856
0.18090171584215745 0.18423095629647854
0.18411623653632608 0.1846163238010129
0.18892126289318567 0.18908467909664087
0.18966999280967378 0.189744889034861
0.1871270180124635 0.19199970302491579
0.1924033166171507 0.19300609784098802
0.19124392023748116 0.19370692081315125
0.14948833466729256 0.19392115232821014
0.19213522230618849 0.19554954344196826
0.17900079758822487 0.1956720532639025
0.19514138316319488 0.19647920955192896
0.1447209849671925 0.19714575130722145
0.1970742463464155 0.19741581526483518
0.1512265166819035 0.19768386930174064
0.157913276417928 0.1984593754394498
0.07699798854068282 0.20188357447930952
0.19712369816735037 0.20198375014478465
0.19363167580520463 0.20380612449320804
0.1911347232230935 0.20414348638272256
0.20233715553628032 0.20509900278418794
0.18918123474697293 0.20718661255478493
0.2071308542331994 0.2075810079566451
0.20447378817762146 0.2078681009457358
0.16716133917613835 0.20818875810247092
0.2111341735304862 0.21114619677914104
0.21387710200925727 0.21444521594157012
0.18013991727418788 0.2151057327942811
0.21475896146790435 0.21550000109686585
0.06903106537907706 0.21689650034978383
0.1684085515360633 0.2185131155008274
0.21786312037325964 0.21958190473637176
0.2132355616934289 0.21971428988946873
0.2177178498248663 0.2202483734594397
0.17112532761283092 0.22094505270866086
0.18471519983513757 0.22154773537564246
0.15582926741869996 0.22158468231028663
0.21084424852093836 0.22178619889069479
0.18003531646476414 0.22358955025930063
0.2137954143555184 0.2244781521671705
0.13640058293984716 0.22532903498019233
0.2270091937687262 0.22738105374730652
0.21608415050910162 0.2287716262534819
0.1653280787829123 0.23013594086345263
0.21207330679982994 0.23064041934080814
0.22009951771197658 0.2315444576365909
0.23115935468322846 0.2315603230908013
0.191487060567437 0.2384647502131225
0.22620625897496383 0.23924584709028116
0.23076692247160985 0.24315963243953265
0.22353278625060374 0.24344447377198167
0.030570876931588966 0.25019444007419717
0.17851960287254443 0.2504634929325806
0.21239568406446135 0.2541139566221467
0.2525272884763358 0.25539568169772603
0.25446617756843304 0.256063671531861
0.24359987008470219 0.25612956337721904
0.20779454431188601 0.25622304062877926
0.2557023743688631 0.256580950681207
0.2513438357217679 0.25784044596817546
0.2366495773324367 0.2605563518157897
0.25574091271855903 0.26250440592259316
0.2659959002864196 0.267038807175818
0.26837719223654094 0.268460984297905
0.23027124503099766 0.26869792265467346
0.26796790119897596 0.2691052404312257
0.24195975810242526 0.27181731569761564
0.23660144474938222 0.27382993324146904
0.2580070511307923 0.27532528174480003
0.27422052665814006 0.27540670523946964
0.22841412236727507 0.2776011697788139
0.26796017907477 0.280773205094314
0.2794554524408618 0.2809364736484275
0.28094483778399465 0.2816579057026448
0.1680010105516342 0.28200224416893765
0.272211945165374 0.2822130081027087
0.25301036751099776 0.2823125512943774
0.2737181838347314 0.2839443458968162
0.2845666712903961 0.2849712991815553
0.23477124454950962 0.2859467511043476
0.23666863282322637 0.28709134475947157
0.2886243946984515 0.2886568296389218
0.27979050828377827 0.29013633014556167
0.11485430799212279 0.29024091367721366
0.28780819002855373 0.29131331073414735
0.23308628604043655 0.29165591506161476
0.2768780655326364 0.29267224623859367
0.267445317030675 0.2934049621812554
0.2726032208351694 0.29433763350868164
0.18383481432617402 0.29693420252069014
0.2968759508157373 0.29729632019328933
0.2984235324862173 0.29860927119947994
0.14408597836255696 0.2987257475660758
0.290169972219261 0.2989502522642316
0.2987144416158306 0.29926097173212485
0.3012875964193782 0.3032236390232185
0.28523101913639587 0.30408826768670477
0.2627355523342311 0.3063823164152431
0.30579865108238563 0.30665142008086677
0.30235014623652867 0.30777732817953746
0.2761358003129183 0.3087605461959716
0.23419434234648814 0.3109071721418305
0.2984652137316244 0.31427893054292316
0.27471411779660554 0.3159083424912092
0.3186861333065222 0.3186885786727711
0.23585689807713617 0.3193160974905523
0.31523113494755806 0.3206482234835526
0.2963596537658447 0.32070669984886246
0.1385571242177532 0.32074328093007726
0.26222194099328233 0.321023123309356
0.19267112726319155 0.32107112860020554
0.31129280645519175 0.32109862345990925
0.29010944779673087 0.3212012343496411
0.32201172338273015 0.32249705484611907
0.30042317302268357 0.32336553077623875
0.31000372784723407 0.3256694150461269
0.3256711287309106 0.3258126625101327
0.2830367952715156 0.3267410078114515
0.3333845703199076 0.3339668711155149
0.3295401408015851 0.3408918018768135
0.3067866624637089 0.3443708424364967
0.3012860880688715 0.34602987857952505
0.33719566065277423 0.34737129357216934
0.30586072012418747 0.3493494353806351
0.1596929192566699 0.3494393407217252
0.3433100016053078 0.349844762213736
0.34619811827032965 0.35094201183768825
0.3513502401811266 0.3581888757343357
0.3582072307095063 0.35832762618521136
0.2755324001193094 0.35952430823867115
0.35638280834712377 0.3606223883572268
0.2810648781515033 0.36200605563001265
0.3573264941211182 0.36275179249075007
0.36351769460910655 0.3635189238164373
0.3644960412819914 0.36457252125941025
0.32502534721527465 0.38028157748626756
0.3467245199137465 0.38048349440155266
0.3654408266551171 0.3878138540659024
0.3691439413867957 0.387987979984694
0.3892203856276337 0.389282903817411
0.3981723841603735 0.39870478843798624
0.404134985660674 0.4048697522537306
0.3520300304915638 0.4049042926865131
0.14858019700071076 0.41014915360974424
0.3792895829870382 0.4116072062332561
0.2737337459670904 0.42305915556168466
0.3451203693170876 0.42501175530520036
0.36196083385744854 0.4352620727988904
0.27124570945828197 0.44482039014628655
0.4507204815111038 0.45142925614582163
0.45453449702288573 0.4549396609134759
0.4587631742706889 0.4640409656084335
0.4657156985301083 0.4667718195253937
0.4678882654085515 0.4707581518603463
0.3354830122894943 0.4742251704488915
0.2735833025730745 0.4744444861846986
0.13711302721491941 0.4758185161199682
0.4354168369425366 0.4782006574729586
0.4491225752452583 0.48468531601906234
0.20674975312211108 0.4851130363368027
0.48619622507855487 0.4939073568160986
0.48902012329523653 0.49457059467770037
0.42147978652853435 0.4955435041840941
0.41111326163843925 0.49819472703096823
0.45977472588174284 0.5001127298240159
0.49381522076317425 0.5003352820643521
0.4814532082231944 0.5035244266384814
0.27176836593414 0.517949200563242
0.2637019249669019 0.5234329382616164
0.3636724659794565 0.5238608362084769
0.47304939108056393 0.524464089749742
0.5108720766268944 0.5344513866368515
0.4169384406880925 0.5693305916230122
0.4939153240171557 0.573110993963231
0.5143890554793574 0.5839423013080278
0.39443207404209035 0.5901007125836961
0.5895402028592572 0.5953692557218783
0.39693227461876296 0.5957746405145159
0.22996579529210343 0.6050990329381056
0.5289425826002082 0.6051332372033015
0.3284486816614284 0.6116809552539925
0.18378165483761308 0.6202543979758397
0.5730104721162605 0.6242796713642309
0.14740149860586615 0.6455565349504551
0.5830441702597169 0.6505769611882914
0.345862576144645 0.6507265221949027
0.27763078191075596 0.6525740712459756
0.6443518366222358 0.6532029830464923
0.6552448436169538 0.6587527017197405
0.3169848913719969 0.6694598864898449
0.620569104957144 0.670982724991793
0.677665393898593 0.6809977025823047
0.17665862663008974 0.6935167430268175
0.4381693094020864 0.696967033028088
0.7214250356755944 0.7314315105757644
0.6092801110054998 0.7385544898155124
0.2418371326022032 0.7445610541675514
0.2897564329168414 0.7489007762024386
0.7588462011898893 0.7778700423480601
0.7813927152969724 0.7828456802185568
0.2726502965135377 0.786130841547159
0.3949605885798635 0.8061262977883237
0.7748968752412625 0.8245129526392871
0.37283253052986026 0.8246351433813363
0.7885896187233837 0.8250638087078898
0.8195813763111903 0.8417161330879998
0.5142742796933747 0.8694041582706625
0.8893101986061325 0.8901460464761533
0.826294410608485 0.905236900865861
0.898379135267675 0.9189724109886155
0.9530094333059507 0.9554195876789078
0.7271113935701372 0.9693118162303337
0.17696340300794386 0.9721022595301695
0.5222112802679502 0.9780718695050157
0.8843058555393459 0.9843603666330852
0.45445024139700224 0.9921176007113967
0.9859165312469168 0.9965340480604513
0.7076675670237657 0.997764583987378
0.2308178183488089 0.9981983731284418
0.17600328675970098 1.0387608401763495
1.0824334502281607 1.084117334803926
1.066452806164126 1.130102979515908
1.0789813078040607 1.135247474937285
0.526852380299377 1.1551410474357051
0.3237111314292734 1.1621294040429153
0.15835248601845964 4.000000106226562
