0.0022380027724830127 0.00252574519312417
0.007240379791164974 0.007267474603335808
0.007956595336640337 0.008053384169288887
0.009323789470092884 0.009364447521510916
0.010372850697079865 0.0104733771606413
0.013145640457740044 0.013409864811710536
0.013278399172516301 0.01376372673338126
0.01437519283162368 0.014609474102007412
0.014907424568818207 0.014908457628247797
0.01370441037317531 0.0154651365938296
0.014194985873292064 0.015615495641544738
0.013460745588780524 0.01566292750570772
0.016265695305366732 0.01808870066690704
0.014353767775892586 0.019180116374184618
0.01945814790222485 0.019526688719256273
0.02270240891545615 0.02517069517664685
0.025266007004475302 0.025806332345947428
0.02410391492754844 0.025950449278206503
0.02888805836037584 0.029172004175972373
0.030192166970928292 0.030421098801852654
0.018707162304832443 0.03099998677556785
0.03099978347714781 0.031025233473463774
0.02939984572587103 0.0313573430422029
0.029769579029430206 0.0314036699102462
0.030998046812543766 0.03155494986141075
0.025969834185959842 0.0321472293304037
0.03010494975184852 0.03224518485861051
0.032218853216751456 0.03234608249156595
0.029009655000532972 0.03271184320653598
0.0327878392342096 0.03278898312830488
0.033096765547162316 0.033107454814698165
0.033897789363692726 0.03503922865601897
0.03294540988887295 0.03549200454753315
0.033709915079841855 0.03575318418115437
0.03219518092522457 0.036139431856885305
0.036558071720845124 0.03722972320987649
0.034543645481427916 0.03739028586567864
0.039734286529423284 0.040936290387287626
0.04125366830845044 0.04161160207551037
0.038827255219283846 0.04188587178587506
0.04215231801229677 0.04217056519118935
0.04029915210189643 0.042567702085067625
0.04256900476069178 0.042793151335952254
0.04298368076934306 0.04384417888391426
0.04290589752709291 0.044228949658300626
0.042762982718608 0.0444380435634823
0.041021774924544174 0.04498298558898957
0.03869963329311602 0.04531055770974335
0.04516603080388143 0.04591865941440539
0.04682982574180384 0.04755111249329516
0.04615803014361071 0.047931270986942
0.046096872591382496 0.04919382412823397
0.036214481523998365 0.04925480725548992
0.05189593420518301 0.051951744356740916
0.04271618866126678 0.05257029423768118
0.051614589936936364 0.0526090630699249
0.045116311893229656 0.0526325568371786
0.049262920361597934 0.052714814322237805
0.0523152220185642 0.0533904973332402
0.05482424933208294 0.0552874139055754
0.05551347043206299 0.05581302361886784
0.053790874815412636 0.05604952649447797
0.05149824607352237 0.05618412723946556
0.055649729388257727 0.05666876081693954
0.05102874351952345 0.05707772648693815
0.05572298705300073 0.05752155853837283
0.059079074531284734 0.059131460512775846
0.05790153597979717 0.0593692539072933
0.05724049644432924 0.059411554516498294
0.041868243103561964 0.05952684580491908
0.046296357320466414 0.0600905986374389
0.060428179373275534 0.06048895686463085
0.06065941893646888 0.06068498137579642
0.05626753042005872 0.06068744089752556
0.06183206480117834 0.06196176006447119
0.06261353261821205 0.06261395738911818
0.06298859086499864 0.06339709515228487
0.06286779641044707 0.06398409411797483
0.05986417975173611 0.06466064639020434
0.06100157993933955 0.06466708101666026
0.05986236212078468 0.06525290374966539
0.05805797623569582 0.06527208486396442
0.06520671296361075 0.06575623473421152
0.05692187270241838 0.0661898225039587
0.06085299254848067 0.06637430850047879
0.06553998365846975 0.06713596596236628
0.06394165612961607 0.06758066951141065
0.0562688092972223 0.06865879785001244
0.06396179637951584 0.06906918902016736
0.06816214402136855 0.06918126432443782
0.06716571275558167 0.06918167265253469
0.060152475288501886 0.06937182087084727
0.046488823410334314 0.06947461693967416
0.05188797682325375 0.07128822351620862
0.07180365960961209 0.07180367940444034
0.07194983443400405 0.07194983694092191
0.06891973368947182 0.07211612571200159
0.07123205399122678 0.0722277513468759
0.07062166949062808 0.0723346840283186
0.06818540907067569 0.07239234602010794
0.07182919324157347 0.07285783966141016
0.07225171596583148 0.07291398031413347
0.06742474528862194 0.07327294891411168
0.07291706350529019 0.07344869189500357
0.06517967242127905 0.07363928565958502
0.06907857949998043 0.07455314213436229
0.07303702382687385 0.07459150154526589
0.07183542243099467 0.07488539895179229
0.0745310072142677 0.07517924529435316
0.07362362075969643 0.07518086844656016
0.07418154462076311 0.07613917371071473
0.07313019754586876 0.0763660932236215
0.07219323099694679 0.07646621470301308
0.06835361385238364 0.07694571617457431
0.053730073725577206 0.07779189758004929
0.07525211673291254 0.07903746235862988
0.07904745805009239 0.0798124255397888
0.06513437544065467 0.07989593017050368
0.07406615072669215 0.07995540629117076
0.0744124488115193 0.08074733013948357
0.0674913144192071 0.08179206452967146
0.079416171255095 0.08226201284929976
0.07922130552496218 0.08277809317049915
0.06845228789751322 0.08312611936526246
0.06867568546001696 0.08364303202481897
0.07729337479866623 0.08386614782703847
0.08284823250904208 0.08401925581213954
0.0836751701211967 0.08425286242719414
0.07364371862265377 0.0843786297022736
0.08326055545833061 0.0847434698033465
0.06608346375512723 0.08498574833039452
0.07727480653111495 0.08566983681286523
0.07508221191643245 0.08583797905367782
0.08220979936480378 0.08612518905708415
0.062275849715985286 0.08683513196021801
0.0864623329322319 0.08701110964718171
0.08653999312024344 0.08814506293626322
0.07056406831627797 0.08820305741266866
0.08895094400119116 0.08898609216468746
0.0708811772396555 0.08924901470846752
0.08058028250092378 0.08944598166325107
0.08711440010507347 0.08964340641659581
0.06526949489850056 0.0898642021338258
0.09054146349669591 0.0909116363520037
0.0914704537091223 0.09158943410437369
0.07451038175896449 0.09196008757019918
0.07538119738448479 0.09242829021804985
0.07221869731917036 0.09333175663494676
0.0800692455585174 0.09384846188894272
0.09543698859486445 0.09565984313358544
0.09412075950922431 0.09637481365035712
0.09479913221717517 0.09720074794928259
0.0756267064111878 0.09733273875273783
0.05096003216758564 0.09746655802369397
0.09282183952528414 0.09842098473558825
0.09944067631674383 0.09967919656626416
0.07927691667900949 0.09992227401961719
0.09919100205287773 0.10096880148369923
0.09683877446328994 0.10101600553927384
0.0989773057296427 0.10110099464783917
0.09622070004938639 0.10153292981279938
0.09560853491311781 0.104424674449288
0.08341294141017815 0.10471733751651102
0.09530541993933549 0.1048213377393254
0.04742299212886817 0.10486730535594861
0.10481250716016997 0.10531970843573235
0.10571111945554817 0.10572096273353657
0.10308127669058452 0.10590143998570399
0.07981442116407843 0.10592229466406056
0.1061123552432317 0.10613001219076794
0.09628206547892137 0.1062502502350158
0.09856013050609047 0.10727362437206991
0.10187761989755922 0.10735877224052681
0.10738249235569378 0.10742970999040062
0.10822559949545522 0.10836965724606655
0.10613326340613517 0.1089174814553324
0.10541063898555585 0.10899473375193093
0.10577071532491707 0.11038095788680935
0.0792818845501258 0.11045673429675239
0.09186206265623054 0.11067453412351405
0.09416432695453955 0.11145990272691163
0.11172681417587085 0.11180226714793977
0.10377786358706367 0.11222471134884315
0.07727346066720153 0.11227948815557835
0.11239104963487259 0.11241021047392771
0.1125149037503007 0.11295478052745613
0.10051943095789237 0.1132029522803537
0.09282202778349684 0.11384277290577202
0.10764046532864453 0.11470480043790035
0.11330884129154761 0.11481980059535253
0.10993670399978496 0.1155348401693268
0.10935742784154956 0.11586202553704648
0.11057808249436758 0.11607136819253602
0.11406111234503148 0.11688535439613239
0.11692790628204247 0.11758738479083813
0.11014320150069153 0.11761572007465129
0.11404612652481665 0.11777796860737273
0.11507045868600421 0.11787849624580726
0.08528258513133605 0.11792840723695093
0.11820048810728909 0.11960015029634215
0.11307130503523542 0.11980760475997339
0.11716718308993039 0.11999338301899129
0.12132638258800635 0.12145270657933423
0.11869884983604392 0.12158790829921387
0.07639600131038538 0.12225027431892531
0.06169345086235063 0.1222620998504715
0.12155565854060903 0.12288802675608049
0.1203274316323535 0.1235722068752771
0.11579317449287506 0.12401486182618567
0.0532905887672914 0.12476484942307711
0.12265869043000985 0.12514534321660606
0.09268577561794189 0.12538636000202413
0.12447175402504182 0.12559676180854257
0.12547195521214763 0.12603292494511495
0.0650766789470295 0.12625572975967342
0.12400959255156657 0.12645484376207358
0.11782261771116447 0.12706738539750254
0.0789509135915913 0.12741555783758649
0.10941405212639675 0.12767629054614532
0.12797030514122343 0.12799286221339812
0.12982840092167602 0.12983467372417015
0.1114842777516614 0.1301298377347227
0.128553461058341 0.130760158843429
0.08423440403519733 0.13190284315329895
0.11458416087445218 0.1327950984360141
0.11820509750085802 0.13298018834188532
0.13378244368241568 0.13447818787727533
0.12573015620318131 0.13484426475743566
0.07925897751599986 0.1354614339461498
0.12204042244941055 0.1356276866420602
0.13154921283606386 0.13572036880198834
0.1356188545789384 0.1362301039341307
0.13766335435963345 0.13854667778369747
0.10315628124737182 0.1386319319392963
0.14063188063144874 0.14180679041197336
0.06536638889468162 0.14492527906226854
0.1352853530229767 0.14547095730485865
0.0978375544147034 0.14624915042353298
0.14342601235315613 0.148488666857412
0.12145107289433382 0.14911216970641575
0.08577810881761541 0.15066980058798737
0.13893707936602986 0.15113748515264247
0.15011102874957438 0.15186029866430825
0.13989620528089156 0.15195809457418671
0.15061990716192925 0.15307179899358203
0.10579276629528751 0.15317190805836065
0.13864305038716962 0.15451687580938536
0.14042217332302806 0.15529473621867992
0.10321090409598153 0.1565155999035438
0.14398962274622318 0.15661145897508197
0.15371232336999413 0.15748077814759015
0.13236289152340977 0.15832234081225321
0.1532624633528832 0.1585713482332228
0.09141935461150823 0.16038549304264624
0.1616387010424863 0.16212768932039454
0.16257459841616262 0.16267883855800638
0.12424919475107461 0.1631162755736603
0.1471838021216641 0.1646288866640645
0.16463453716945517 0.16479403928784206
0.1654700995571072 0.16550462280131334
0.16542430932926105 0.16555273516189656
0.14357298035829202 0.16694423514488563
0.1600107833258741 0.16950336565817684
0.09518062131854904 0.1704005960251363
0.15157099582427866 0.17098090389673815
0.08442327485777326 0.17238445625557244
0.173288934890363 0.17483987458327432
0.14568519183667833 0.17602118483567167
0.17437391549384199 0.17643075020874188
0.16521599538573026 0.17724328596567135
0.17655993499433334 0.1779249027112007
0.17864811684688817 0.17954743034306406
0.13448818277130276 0.18357826782671552
0.15720840896323648 0.18521117270867013
0.0698362999325795 0.1856827378200559
0.18582982446008933 0.18654409364230454
0.18609519562212293 0.1876773986539453
0.1849092150396492 0.18800247116305197
0.1872769030291619 0.1894692070164398
0.16493141999089161 0.19360706271168712
0.18656509112135403 0.19414117250831253
0.18777172404153367 0.19435069712673883
0.1940685600784561 0.194978875757772
0.19600811156056905 0.1960131315304634
0.16597206433520467 0.19749650339869537
0.06566565335344801 0.19949102389004278
0.1945772143393925 0.19992854160080473
0.18138848653929973 0.2021894212674461
0.09672092494346127 0.20295351774785597
0.20326497868894877 0.20348955452169196
0.1840634370433128 0.20471396426710378
0.20469994269840333 0.20613287351688275
0.2026743389197701 0.20621800261067363
0.14686723646222344 0.20699268245671995
0.20780788195143793 0.20780801262010007
0.1843598203152171 0.2104397423678568
0.1880595668139115 0.2120482442345233
0.1871150213193566 0.212160683476775
0.163539139856614 0.21388714514761384
0.1642090425326383 0.2145473606055596
0.19082623706412144 0.21735162083026632
0.21935301785885086 0.21955838391605065
0.19441974633751433 0.22082840173950735
0.16934545464297548 0.22207409982147205
0.21665607652345487 0.22215511550381992
0.22217372320773063 0.22257210517859025
0.22743837599130268 0.22743840647128832
0.22125885001108125 0.22804348316855588
0.22564619433067362 0.22850573968850682
0.21291815086908464 0.22855814207289904
0.13074500001411066 0.2289304978915381
0.19766852891877554 0.22926109500943087
0.2231160722311661 0.22951082760052555
0.23008339045898343 0.23012102531060527
0.1985478383259244 0.2323617893241626
0.22110077059756433 0.2359661377684299
0.1999469204457758 0.23846797239594178
0.21470822818571633 0.23861807858716144
0.2258532628419353 0.23921672788240578
0.23672108593330513 0.23943807935438907
0.22209907679052465 0.23949786853460167
0.23989727281201878 0.23995254277105707
0.2421675539426514 0.24266276591527433
0.22748734197121534 0.24339517698575241
0.16556978270646394 0.24704539342279278
0.13828459420312633 0.24839936343964283
0.25220456071130704 0.2522243830628105
0.10733817473660798 0.25423544292693556
0.25434171798187816 0.2545828428283515
0.2046732297005917 0.25722282531855467
0.25627929983778774 0.2576043077975847
0.2555364788928882 0.2597668761584876
0.09381250049195934 0.26473137298480454
0.2516640598343762 0.2673812256378325
0.25741549957646326 0.26864677522733793
0.269347660018323 0.2703762362478754
0.2693103632157776 0.2704407332179246
0.17249702109150689 0.2705240939273115
0.13806389126352814 0.27518052259285725
0.26558179302885226 0.277340502149729
0.2379441629230401 0.2804286325907758
0.27121811464455753 0.28171574033067387
0.27943493862425833 0.28259782665461164
0.2825283319640274 0.284573265342738
0.11469916410354286 0.28706615544445896
0.2131505381244019 0.2872602991159767
0.21759093385264888 0.28734685010543376
0.24900979234809995 0.2883537276653491
0.26662943657253385 0.2902980221200202
0.2875971541331457 0.2915278981736819
0.2748361974515454 0.2926036281184597
0.2861805858390557 0.2944792457829565
0.15790562202286576 0.30246859196168063
0.3033953215881773 0.30362700087503985
0.27348215506165174 0.306889804142883
0.30708969889721216 0.30725900756628965
0.18791796928973736 0.30743588711812603
0.14668739160465 0.3089754785434367
0.30949663992245247 0.3096065969668314
0.2633623664865367 0.3114410592671849
0.3011913988389684 0.31323981747781154
0.2501706385792073 0.3158308872855869
0.31588850305598715 0.31610276858070485
0.32283301947563076 0.32313136283686683
0.32293471485443437 0.3232545992865728
0.271326202614054 0.32487439111939026
0.2224062315933145 0.32727087541162103
0.26726201469466293 0.32777187547136866
0.24010334688917254 0.3289469209763088
0.2985980026348672 0.329470023233181
0.31988143850523754 0.33044792769947245
0.14781609979633972 0.33096136125328673
0.2098842947347534 0.33671636891019613
0.2976583923487509 0.34173241554604394
0.33465890031772516 0.3468045948053127
0.32587248522126433 0.34859535080454207
0.33928556155532014 0.3494167014541504
0.34997322539843984 0.35012455664411263
0.34462049516195653 0.35183617460275746
0.18511533662536883 0.3526941436591461
0.3525804787122011 0.35297650720892515
0.35089670796841066 0.355604798994957
0.3550002287049976 0.3635710573022834
0.3463000398251182 0.3640981006349473
0.34407440730395766 0.36705453003496974
0.2735425077368992 0.36952707386682554
0.37690222466371326 0.376930631434273
0.3550415292700905 0.37706855846624526
0.09965591316557745 0.37709159267120806
0.3492962279265406 0.37728931177998687
0.3767258156632205 0.3776568112682468
0.3759407093203234 0.37783341783576185
0.3509807241538772 0.37868152580813624
0.19976788171347104 0.38125768766948115
0.3741895488248393 0.3828694599918054
0.17677448117459016 0.3832277001792268
0.3858220581812726 0.3861701181795792
0.21872848702717046 0.38780375331870687
0.3388153159774149 0.3878636359259813
0.3786684866993657 0.3882023248384214
0.38788016432443323 0.3889941915170533
0.16942781012192137 0.39027049061016583
0.27046321461205164 0.39313294330649967
0.39351272835672724 0.3935855170055209
0.3800348997637694 0.39930875272307004
0.39852596908338483 0.39932568292516074
0.39547510373849426 0.401966304784574
0.4004399891353981 0.4022546563954782
0.2366642280991248 0.4036770408934606
0.4053001904803448 0.40709238724547775
0.3703720294524635 0.4071841433542961
0.3666791265509498 0.4116609819511749
0.4091611927084354 0.41521483636453066
0.3057426015516791 0.41904286220636877
0.4192628169336218 0.41940369969416835
0.1584644994855522 0.4219803312413598
0.4268788249786249 0.4298226238703859
0.37101563838439067 0.4338745585906555
0.41659763279129247 0.4576339380776366
0.4494179606359753 0.46140231930953635
0.44139230877685137 0.46245055386897616
0.3019623546397929 0.4642095032161825
0.45429676998042573 0.46885374487099385
0.2746466513335195 0.46921125655244467
0.24445913754644646 0.47211086815184905
0.4540592911898435 0.47493983060949413
0.46068469778774446 0.48534402480544503
0.4759336595351768 0.4856834595418411
0.19339950901835826 0.48608544838663414
0.3399950869057459 0.4900376693677876
0.47623683840222414 0.49682834863239395
0.48321357172287727 0.4976042036566325
0.4746009932773995 0.506573095575118
0.33484433888656917 0.5091580826135077
0.5090657825800038 0.5119344266783251
0.39188771510574294 0.5211682605267841
0.47566019243184765 0.5425584868927626
0.49942790668452375 0.5495772062657907
0.5415388920668293 0.5521036328988644
0.5087562731411867 0.5526153894729835
0.5055451590248912 0.5607543952791016
0.05240030655033036 0.5628186592297817
0.33271462918001093 0.5646801100325743
0.5643345856208569 0.5648149708522336
0.5603676220393345 0.566071071997438
0.32680189786904507 0.5676375144839438
0.4558560462996232 0.5680002933848817
0.4773791980261203 0.5709875632144995
0.5788047308744907 0.5788938807215285
0.38422711409914817 0.5872811528748292
0.58756682378049 0.5884097134214636
0.573279000328434 0.5896219288034552
0.40278264163145533 0.5942183252662068
0.5354448083919444 0.5943528552738905
0.4350508608686061 0.5945909479814219
0.5396767702210171 0.5971794676231064
0.4546270547857938 0.6003967519881787
0.49894431708837783 0.6036668504519017
0.403707421000171 0.6054905437627874
0.5977535533133833 0.6059456249376046
0.44317979890443526 0.6151365450360535
0.6115022390152237 0.6159185830500062
0.3532239779655922 0.6174854506012509
0.5811692196821491 0.6223090012564565
0.46495107125327256 0.6233868162020512
0.19372275607529463 0.6284998940200176
0.617639904659474 0.6349311522075318
0.6110053438258107 0.6359522683798371
0.6371625599910695 0.6372075714145015
0.6409900319718909 0.6413215207342133
0.21220530838947396 0.6511658458571341
0.6479443068326214 0.6552566936554479
0.6414957758089029 0.667665510853697
0.6683199702969708 0.6711483061110942
0.6525542546558437 0.6758290788693906
0.4409335585194829 0.6885081547975735
0.6870120006727429 0.6948514580379924
0.30129475363692626 0.6948567007381997
0.5719634894455159 0.7068339904803121
0.2896043141578227 0.7355058565711552
0.7544406350294577 0.7560919152804811
0.7490979430300582 0.7597397660211014
0.7616220574078109 0.7616869493927102
0.2756653561430748 0.7621077547355638
0.729688297725922 0.7647462197354253
0.6990044171481603 0.7756964490237149
0.7592313007789647 0.7762329424038528
0.3627340432878042 0.7801076125429662
0.6511615595818041 0.7842977787726
0.46332250253817586 0.7849814090252464
0.8064808736698693 0.8070790442855024
0.5926075836509824 0.8123504218329033
0.4763862716335935 0.8187514649431956
0.38252478688600317 0.8240357094663183
0.827028075059808 0.8277797628880909
0.6686988507367434 0.8291390071870375
0.5101199924501065 0.8341733989054941
0.7708174804604435 0.8440084460834034
0.31582025341493764 0.8709337750615408
0.4121508930874549 0.8956712951452399
0.35654775775295766 0.9012598650251913
0.42925699445081295 0.9052065026402045
0.9313466927909737 0.9450215615997694
0.8609973639862238 0.9480682242822297
0.9407006698573736 0.9948571757016375
0.19415468929583496 1.0021685531201168
1.006558416773624 1.0096832221898557
1.123202274388006 1.1234552973738896
0.30930127856046047 1.1352704046603115
0.9465988115236234 1.1360885786184676
0.4124531712974102 1.1363147442354329
0.33335372508205946 1.2450876279452014
0.15592467303143326 4.000003005420591
4.001341859482668 4.001374330759745
