0.0007957333253420775 0.0009724025710951352
0.0027085060590169145 0.0027321737349157767
0.0024203328851521164 0.0031714985149544224
0.0034586202194527684 0.0034608032435253203
0.004949956008905678 0.005010018971292054
0.004394195860589987 0.005419637729098261
0.0055147512160912664 0.00566109887146196
0.006162732649947027 0.0066619326224539735
0.0060658430328736634 0.006693689977316404
0.0072009150479765876 0.007203525408894452
0.007469228797144428 0.007560993599982723
0.007188640009706639 0.0076593681123631255
0.004722772955671249 0.00789225431978917
0.007326758962885556 0.00825663692003634
0.008245525479124792 0.00833436775271077
0.007487924224351855 0.008679533599456779
0.008549735781419626 0.008703617884952835
0.008867860884766397 0.008873234516012705
0.008743112969920983 0.008953112626373435
0.008978772659338092 0.009003630222049145
0.008770597837156476 0.009287589532909887
0.008966499048799386 0.009664057313010916
0.009972546669465152 0.009991531337503455
0.010028481570197142 0.01044042396340209
0.00933169852474329 0.010818110782560675
0.010856497102022132 0.010856501548166416
0.010532222539590385 0.011334292391375251
0.011346129276144212 0.011356353427786223
0.010427012735493556 0.011677741882510488
0.011393684460010794 0.01188830420882359
0.011854058429656035 0.012283067424143522
0.010975225669310702 0.012441930933518178
0.01132033818223863 0.013059155227690687
0.012957344173240546 0.013099388462565613
0.012764371604366007 0.013142978047582285
0.01377739281016266 0.013840491698775735
0.012271125316092535 0.014251058703389384
0.013080533560947941 0.014383328407802213
0.012810026461212126 0.014670391329013646
0.014440890471013913 0.014686348473266062
0.012714471070073698 0.01473031222369493
0.013721662879796877 0.014764939287681392
0.013944348372930598 0.014876998632671305
0.012799793597801434 0.015166208212478665
0.013927168093532196 0.015449589436134233
0.015404200187810881 0.015452362903822578
0.014167616539862553 0.015593539341261621
0.015968953343604528 0.016026757848670907
0.016040371107415564 0.01604100217395198
0.016257939733764295 0.016326082719472005
0.010273625803889384 0.016664837133274758
0.016645518191712696 0.016700947641988404
0.016644787801036544 0.016738425458000958
0.012660311498243232 0.016775337881009295
0.01670356517873593 0.016797942828744597
0.015819915367805797 0.016955818792673476
0.00839422059747031 0.017009126101063192
0.016485375417545155 0.017252192148510533
0.01700912415503956 0.017805077008244442
0.017976673262227114 0.017997456346998716
0.017835596579894794 0.0182568177520929
0.018867802892131306 0.018984083723819198
0.008110297301894463 0.019339237295016992
0.020069647849833082 0.020248509538605648
0.02027729704986208 0.020284248099117257
0.020845838608812613 0.021022477783404037
0.02026315330576963 0.02149837063152879
0.019330338381284277 0.021727726029745806
0.021781409537533714 0.021826723439597313
0.021999547064508546 0.022020790530660764
0.021026547165680663 0.022155696707335144
0.022173408738182847 0.022208808382826864
0.019120120241429645 0.022287514142683203
0.020034790660367854 0.0223938766462596
0.012384361249791588 0.02253062057266296
0.021807436397893516 0.022933604988711463
0.023501639833568476 0.02367065758953065
0.022389012917543402 0.02391520318391078
0.02063260820928231 0.02422180162800989
0.02174652319120694 0.02450500015309543
0.024720992500318124 0.024721545952324262
0.02106228086924137 0.024827671799828456
0.02442865097461852 0.024954255793139982
0.022342393546254072 0.025039842430648933
0.022004641375850387 0.02520699077736871
0.025239466342568413 0.02577166527431063
0.026000821452637386 0.026259960069150934
0.02458584514844532 0.026284300568441298
0.02093145747543706 0.026350299860157297
0.00949541625302848 0.026455334792122503
0.019155033064990005 0.026941320983443175
0.016547653426884433 0.027970380879837175
0.02416599036913833 0.02805043702245484
0.02833807135282842 0.028534268163159352
0.028245971125235313 0.0286631946565268
0.021826825587904334 0.028690549932994466
0.02890839572574543 0.029020458658109396
0.013609555136534845 0.02906860549693496
0.024531739235229943 0.029251044035428463
0.029250766481864043 0.02941652012706185
0.029316872668627224 0.029448678844999666
0.02704866179583367 0.02993891263949982
0.028579851367839124 0.03027848241838083
0.03067376747764676 0.03067989301420456
0.026803390863727704 0.03072661506938873
0.029558628241876543 0.03132923676044709
0.03106091623209365 0.03183108027631555
0.028782892763795538 0.03204267055906841
0.02294866993718636 0.03206903407294017
0.029558402155338864 0.03228211866069312
0.03264943753947336 0.032814774143649916
0.023391124711089718 0.032899309692383194
0.03283736056349089 0.03299134951909313
0.03085955130891401 0.03302422374690988
0.033179131258732196 0.03361065997972607
0.026302111081372953 0.03370798999214379
0.029850827083474925 0.033724925148782864
0.03276838559058944 0.03381766174240923
0.012666387387374163 0.03383664500173864
0.03532174100190276 0.03540306510895157
0.027698138916568305 0.0356320484219016
0.03133454205170266 0.03577540967372982
0.03518128886624175 0.035903722267248646
0.02901019145930188 0.03650017793573516
0.033829592897267405 0.0369219073563679
0.037039856625801205 0.03707696436444654
0.0364694934354826 0.037317008279326026
0.03767110326425095 0.03776572476653807
0.03613873787987848 0.03785342445734122
0.03580977594999334 0.03868110603231533
0.03942496381314221 0.039519563788735106
0.038561671361644845 0.039898449439519645
0.031901623145788566 0.04006877945648149
0.04010595989537967 0.040106129112068685
0.020861033474453682 0.04015814895003631
0.035548772970547066 0.0412837502432337
0.035370550258922946 0.041307431807913735
0.04131605240400007 0.041320282766123734
0.01879220262794775 0.04188244448061057
0.042697634567502196 0.042698560962102936
0.042053726325541246 0.042837155694409185
0.04031185368461065 0.042903338567372856
0.03970226127851822 0.043891732606148065
0.03906898627155956 0.04390857309002647
0.032086775505221626 0.04421061055389516
0.04262869441927973 0.04470514331667831
0.04523314809466376 0.045294510052733314
0.043448300524123504 0.04572836168033141
0.041934414143991815 0.04662667102844344
0.0459081179617484 0.04672506334417798
0.04493533390762433 0.047238230520529806
0.04190998861147927 0.04732732237645313
0.04551971252259955 0.04736424094379295
0.04728075800208453 0.04985824568084341
0.04940736265092499 0.04988332903806934
0.050526430861548954 0.050535489589178646
0.047635528466279185 0.05086593584675233
0.035547274062048786 0.05090226158189787
0.04901872205360318 0.051158575035159526
0.052187700115800414 0.052563408759973146
0.05275313598503944 0.05291725035577205
0.05300354074003901 0.053143353481349034
0.04215053646311751 0.05369147910521707
0.05075288618693494 0.054456021655038316
0.05392424686518858 0.05479897481976446
0.05276251571827431 0.05482499177114682
0.04793126029195543 0.05522699338241913
0.036138966593201094 0.05608984402520018
0.030330854129567205 0.05883803795410576
0.05429680785053425 0.058962724829721765
0.052956982880952054 0.05926722398527201
0.059256642659515135 0.059987055837773154
0.05551474863754652 0.060146923944961794
0.06008574803010366 0.06039447778784639
0.036178129859022315 0.06053769519339971
0.06053162612588746 0.06127538597107625
0.05600709124611135 0.06160041886217307
0.06009315249390252 0.06167128069737023
0.054367792955461305 0.062226328553326465
0.061439290161185454 0.06467058586877533
0.06388381904397909 0.06574223721443806
0.06014833305787433 0.065948972120615
0.0677205102655605 0.06789075207031675
0.06078171683973313 0.06870729272338598
0.051277454442285784 0.07011368881818102
0.07033496293738858 0.07146217673222274
0.07245758121755601 0.07246696821594471
0.07212476046385713 0.07268771558223106
0.07325457629590983 0.0733450990200931
0.07335360174047129 0.07341258997853226
0.05478846990108375 0.07358295126833533
0.07408471405575956 0.07421447025128351
0.07207106237828015 0.07448778881832306
0.06883462480731642 0.07476952945814198
0.07352747428195375 0.07552984343644749
0.07281609003506245 0.0758695952028412
0.07613725430087927 0.07613983262220997
0.07570126205590441 0.07618394090943434
0.07852811841103412 0.07871952071390342
0.07678916780794125 0.07930180980757613
0.0485577015590522 0.07960825360457581
0.06567138465095324 0.08051442897257126
0.07036282912998508 0.08108441299700159
0.08215279632403898 0.0823704794103283
0.08150772942644982 0.08287149084795292
0.08391391264393913 0.08395839002474031
0.06860449412990818 0.08416157492820253
0.08422583474254722 0.08439247705614614
0.08349542610328557 0.08444047057106276
0.08427200855961202 0.08454919528251807
0.08346186264893095 0.08468664995457544
0.07854573177662573 0.08505012759280886
0.08300588130625247 0.08737377797531354
0.08474113715290393 0.08797237129823614
0.08712785572252722 0.08836615811877346
0.08587267333833684 0.08866252972496075
0.08725131080185249 0.08890020275235677
0.07940990913806135 0.08928719314024008
0.0865173274478212 0.0898013047614635
0.08698464400780206 0.09023436484689476
0.09009837731950132 0.09057220398254029
0.045666624987858374 0.0912460944616961
0.09065941690084946 0.09166107597985325
0.0901512536198584 0.0918739330364564
0.08742815157012859 0.09187612035119926
0.07659824649973426 0.09290023638759913
0.0766399052102059 0.09373912588118817
0.08207901289971839 0.09466739370262243
0.09452373563662281 0.09538937409212919
0.09560812540991892 0.09587996712688364
0.06461549606646178 0.09620135697135536
0.08067326937785747 0.09686055692910303
0.09702203840407757 0.09702474527684425
0.09609118778966619 0.0988554326312723
0.09212007970355571 0.09893903104913807
0.09931160069937477 0.09933053876579598
0.09516948655953963 0.09985182762584517
0.0742537214272293 0.10014563669785465
0.10026925780161139 0.10038029999766887
0.08796358843640763 0.10059234948803675
0.09986514869739685 0.10065761844044126
0.10077175590321585 0.10092664308025977
0.0962427677115865 0.10120235408606117
0.10307635216829347 0.1031034549874948
0.1011608440109812 0.1038303804107177
0.09393957513516578 0.10638953127253022
0.10243219212632597 0.1069902288923987
0.1017404262846017 0.10908285986486656
0.10945186218461134 0.11022883400167245
0.1080915660231127 0.11032548989631244
0.10420168264170167 0.1106924365268021
0.06968926575643655 0.11220703138935516
0.10824274730534955 0.11294742295148025
0.055609674426557475 0.11362284551073254
0.11199211101409519 0.1138543700264897
0.10520452234346604 0.11404278760937295
0.11418864903165626 0.11420842196487069
0.039399876934461134 0.11465518921136306
0.11327049085326718 0.1153780896476075
0.05362110707816997 0.12018565064210544
0.11912778930625315 0.12104792407891661
0.11410256046693028 0.12113310611679641
0.0779453409958927 0.12222412392349478
0.12408792857688632 0.1242747507821444
0.047708403234139676 0.12431740221346634
0.12544980570465458 0.1260735883901221
0.12709055896768787 0.12716920692185285
0.12457606629680207 0.1276004262534414
0.12516861202931423 0.128264558205839
0.11435277887786904 0.12861931863970874
0.07475383142589911 0.12912170366749615
0.11989196857742881 0.12973950845454876
0.07310258188659668 0.13059285075769317
0.1307969362842257 0.13090170559439163
0.03765810660049792 0.13157584170852807
0.12750921937152626 0.13253931662601803
0.10880200505525797 0.13393175474695718
0.13357101832544568 0.13560260808713234
0.12509900758006057 0.13566789611618663
0.08500613192045416 0.13583035032086108
0.13993525999474934 0.14106360032125867
0.12203515369652135 0.1433431860641942
0.10759776964690547 0.1468925404721666
0.12894894056043793 0.14709019771784954
0.14277233482191604 0.14776333859867444
0.14834959007098775 0.14835079792688677
0.14911164932999926 0.14921170023628597
0.1468947594292235 0.14967219785514127
0.1481287291196777 0.1508871951385799
0.14877981134692586 0.15106841725772982
0.15150888334466822 0.1519624242866117
0.1518715792222323 0.15259908163257208
0.14106282463244582 0.15331757965693307
0.1464384888870204 0.15374940320568836
0.15732218241261164 0.15732315183496637
0.15608001146021253 0.15749941911969612
0.13834463983793735 0.15802725548363927
0.1247487849447684 0.15896051143993936
0.14627850496125092 0.16039818662224978
0.1604684160866528 0.1604758182524358
0.16163266103761884 0.16191119496724132
0.16209826474272823 0.16353459973039014
0.15993359872332114 0.16361960500699949
0.1544716658195959 0.16430380591399268
0.16325405403551535 0.16433670997730818
0.1561827193854102 0.16470705606147826
0.15056997176250836 0.1647313590798021
0.14274499296826978 0.16663497225328305
0.16789936605182132 0.168335710209002
0.15630402463891485 0.1699212541771397
0.15223658430641307 0.1713515745821067
0.157578890116774 0.17144491129562853
0.13828641013867912 0.17253986422694892
0.17201810783740798 0.17314519429143826
0.16248122842997645 0.1785443052670438
0.17371488893880566 0.17876118734058857
0.1774507093601154 0.17930122958107428
0.16640447476718026 0.17947461594677278
0.16737580853685258 0.17972255560268896
0.15839747680281563 0.18063468291651066
0.18086937384981072 0.18340023180937767
0.12816171400643633 0.18410269835858542
0.18507770396940787 0.1854428489519857
0.185511895765158 0.18655642483306029
0.13713920575674085 0.1870397370971819
0.17328352614972153 0.19213174971037073
0.18338685952470876 0.19257794367442033
0.19171598138122148 0.1938962362427182
0.19455045234693152 0.19538170149259845
0.12401174420699504 0.19597634875801184
0.18943556342395518 0.1983537787675266
0.19636640628409352 0.1994548305136619
0.19927234186466464 0.19948966933101694
0.200627793983896 0.2014562754723328
0.13139704919474532 0.2018470687531563
0.1783617885476793 0.2022026981188961
0.19927839456048801 0.20235021376134385
0.17488460035996595 0.20254488694200207
0.1516271002178031 0.20410618918235768
0.2053572288754518 0.20571881427333616
0.1938238877304162 0.206625775274601
0.20769959723729756 0.2077804770959859
0.20121015120462607 0.20848156491926692
0.20162436750042936 0.21038836578335066
0.11560070116410716 0.2107406249208026
0.21080580302265695 0.21080609803417172
0.21174619214501222 0.2117667942775982
0.2005304509214523 0.21426185953124763
0.08690205844254763 0.21432871546970161
0.1472272713779937 0.21490856195962024
0.2148648383325888 0.21496920555602847
0.21265303394591306 0.21570898249968815
0.18564369745859272 0.21617734168628625
0.2166325511094805 0.21897654652307197
0.19675393222431425 0.2215637956286744
0.2213658457804752 0.22237843282093597
0.15864899298720933 0.22264418826485277
0.15073648713378549 0.22552515707578566
0.22357040517322696 0.22916325704311305
0.18273449290693972 0.23001293358566496
0.22179182852979748 0.23253409462015606
0.23511778099419198 0.23513348738744042
0.23580448522427477 0.23611995082874782
0.1568171949933843 0.23712088649661286
0.1605898003401542 0.23939521884919704
0.24361912335279373 0.2440778672681026
0.21701309556806617 0.24611280852194503
0.2263642742152831 0.2511848429850245
0.23510697785088247 0.25329868846139053
0.25352230154281685 0.254589230650523
0.2226508935144397 0.2553078757014905
0.24232286931660502 0.25572428541083003
0.15360434633376086 0.2565750216659441
0.2561885375077722 0.25701314878027676
0.228935982044284 0.25738171241238256
0.2514728085865607 0.2612337525633137
0.2569294249026459 0.2628907067622722
0.26323871926366665 0.26340297231679455
0.18874650013232958 0.2639266070577484
0.2508344622625035 0.2639612711667026
0.09618704775766702 0.2650297807944549
0.2234268096954689 0.26525170552464594
0.2137590456527112 0.2686348550327052
0.2538170366594757 0.26882412316850657
0.2665449593972351 0.27121890264716353
0.26784730382092287 0.2724085586764589
0.20707422153215094 0.27255433551664177
0.2722501548020329 0.27613774821349085
0.2156273725362304 0.27736397413789116
0.26570717111736764 0.2842418518102666
0.2834650951568043 0.28540091313350735
0.22929198813861068 0.2854182009396169
0.27331297343874156 0.2863603234250878
0.2861598571901379 0.28741780680403656
0.13557758302373163 0.2903185147020898
0.11029674887138488 0.2922295726341438
0.24017755727744375 0.29265369770815275
0.17327527794153957 0.29595753986283624
0.2965610499438176 0.29687446017530034
0.2995382179938877 0.29954606186308963
0.25716450776933375 0.2995465894822925
0.21027039573283648 0.30026688456098627
0.2984331691336118 0.3022981507542215
0.22394185283854562 0.3025163459713417
0.3025731451598129 0.30326042786863067
0.2785867211279832 0.303933578526165
0.2863573908846839 0.30403369648303474
0.3049834992286604 0.30648805372236554
0.25766721199556436 0.30970322966120567
0.2792639127498607 0.312532944848533
0.31467370154070257 0.31513376921699016
0.30346924091633876 0.31775536773479446
0.3190138189938565 0.3191223738968631
0.3121391194851733 0.32271118517603087
0.3095683507294879 0.3232000789561101
0.31799758254748706 0.32506122457265607
0.3234020797780268 0.3257956991947971
0.32782561623120915 0.32782604072876587
0.2810945997176089 0.3285043597326004
0.19037323164857495 0.3286113190396333
0.20656129352439756 0.32919540663503727
0.2981572922620792 0.3312055772832983
0.33135486484601234 0.3331045679831895
0.31929056202089523 0.33922585282250367
0.11761305912855866 0.3400796341326088
0.18120363787151317 0.3416160743786279
0.34504852840517597 0.34594127375639877
0.25116913837298843 0.34870838259484277
0.3162589396757948 0.3488608988346918
0.2279887694561052 0.34940027680623553
0.31102449963143464 0.3550021509997823
0.23245623864680223 0.36404709185402806
0.24829425359508456 0.3667323998740687
0.33331632214835016 0.3682124569777347
0.3486438787424023 0.3693968271500076
0.37083394905289535 0.37389025726705216
0.24378295909757847 0.38004991881315
0.37703367732968407 0.38114938729213715
0.21623217462206 0.3850896772709705
0.3538102895317537 0.3901807281737523
0.3652884286286949 0.3922016313107122
0.39209513725459316 0.3924550083561946
0.29329415590307434 0.3935831557220401
0.24346131219844444 0.3947713622987612
0.28108419341759566 0.400072362101568
0.27921160602897416 0.4072232794158949
0.4142059944352667 0.4145757149576101
0.40720746263565627 0.4147218356825333
0.4065230337778766 0.42264973422593094
0.4098608776810172 0.43604430845036324
0.4361453259515912 0.43625569059463726
0.43448376538178624 0.43625762849522426
0.22250488117032596 0.4368967888705979
0.4287136512059055 0.4380628802963167
0.4093450337259186 0.44035850832447804
0.44592831084046863 0.45081582949742655
0.41299603669014173 0.4529128760052535
0.44870698178556073 0.472481085515367
0.3552897875330436 0.4751810833127268
0.46060004153562484 0.47749506722611623
0.2664213594059428 0.4818382911350505
0.3917046970947231 0.4822131823775122
0.47988376829496177 0.48512791702779584
0.4498905511657141 0.48824504045497796
0.3446219978121016 0.4931813467953551
0.4606833885058291 0.4977902749794383
0.4999334066823812 0.49994984585489055
0.5082663998268818 0.5155698509086185
0.5173834712904521 0.5175103473871299
0.5191924317976073 0.5263999746296405
0.5359815047322257 0.5360383348184535
0.2733555909955499 0.54230000935807
0.5263430862609692 0.542949204110528
0.22198629583772822 0.5440025491353292
0.5198255907341566 0.5568428358066548
0.5609179082245275 0.5628558502023309
0.5412209834958611 0.567972654546439
0.43960111317562983 0.5697956465640018
0.5504811155773167 0.5715309013658167
0.5553310172533354 0.5722087147745937
0.4153444481561299 0.5726508471808436
0.48224325482852437 0.5749801878855583
0.2699003652983027 0.5807184045226225
0.5067523854918317 0.5823368118199588
0.5252530597235762 0.6225168461394436
0.4605756686781606 0.6301783451863764
0.5823067886886978 0.6371573796632798
0.41847363276294736 0.6405710201159917
0.614737768856475 0.6414961822938349
0.27630115741705613 0.6419903606538923
0.6385746958294592 0.6444370967214079
0.6255046143436872 0.6463379247793378
0.6358647255424366 0.6469595580706715
0.4049920923204671 0.6498230912275388
0.31489765651077933 0.6615087887177422
0.6485282861251589 0.6769948487310266
0.2977043277302075 0.7116153373325919
0.6756924813304317 0.7149188720025875
0.364628260999438 0.7467459848185546
0.21133972970859433 0.7497246091285241
0.7874354270371631 0.7877425362687805
0.3386209453277647 0.7995670698257107
0.7956869492909591 0.8008614637677108
0.30711021913067393 0.816318567420647
0.18656648623341834 0.8251749632692319
0.8248093166510204 0.8299727861581138
0.8457476111437452 0.8486066240160488
0.8012038487417049 0.8586757661373251
0.8501197274148334 0.8959237200201552
0.8967219529501196 0.8975777544635799
0.7612099338210101 0.9030054469505125
0.9147767844770219 0.9152200819529277
0.24585262418622755 0.926164685797038
0.7299633094414941 0.9446543057494224
0.9936540929438532 1.0202758326143029
1.010221537768628 1.1222003358065735
0.1692964397676862 1.4479687714960021
1.433709823241197 1.45307439417737
0.1815000539021584 1.4740119043404944
1.5460700968884533 1.5467387343606995
0.15524496648964425 4.000002922286469
