0.005150144029664827 0.005150182541666253
0.004828173537864574 0.0053186504029391945
0.005798226128625721 0.006025658999470657
0.006765915839819081 0.006816700164207634
0.008183841513670666 0.008236982998965768
0.008187053721894972 0.00969966745596075
0.009432946122008018 0.0109658867189967
0.010786954165174487 0.011047365313763617
0.010912828804235556 0.011661253333034534
0.011196616011716946 0.01186417566069816
0.012494258455174882 0.012537079290248311
0.012435754341490354 0.012798446728132616
0.00799410596164946 0.013089207241551984
0.013280988355112827 0.01328122912775711
0.013122334320417556 0.013492708869390751
0.012279273719220742 0.013953286009701691
0.014203998328143192 0.01448742631038574
0.0129651829186837 0.014584669524710254
0.015896517940838024 0.015899158339698825
0.014689678451198493 0.01604151210852959
0.0154953125059341 0.01610720201006418
0.015776290788330753 0.016208456635511962
0.01608353977821243 0.01623500399769729
0.015291316982420531 0.01671865909943762
0.014568306620498725 0.016766633544925087
0.01784179036667233 0.018037305854043985
0.018243152684796284 0.018254877093365936
0.018821559706892983 0.019047362905071585
0.019565282132459394 0.019689059764956506
0.017514377060300373 0.01981092806736805
0.020028776267445224 0.020296845719915833
0.018563319914506167 0.020487412018345127
0.019212794453825982 0.020813839461861827
0.01976967164177665 0.021489867429002513
0.018939092086541803 0.022129989898153516
0.023986621877557682 0.02399609145468559
0.02423582883935351 0.02424225704795405
0.02300101107114711 0.024468508434632316
0.025085205214212057 0.025221241631714533
0.026249882047121767 0.026312022217515073
0.02412030868725773 0.026397716765231227
0.025284110157296473 0.026405044465473492
0.02583714303228438 0.027199619207833967
0.027320066171649036 0.02733136226561518
0.028091863365345887 0.02809645548954678
0.02567968213201733 0.02829758063904151
0.027891380171364628 0.029379477121100617
0.029123785450695338 0.029732470181075173
0.028778139490718346 0.030146825629210172
0.03110018031366419 0.031121840200059543
0.030103139692161936 0.03130327455881845
0.0289549895773987 0.031483298043166845
0.03199127958859348 0.032058844655283046
0.027109480477323526 0.03223478275561112
0.029135778381803076 0.03256326884481715
0.03094908375965467 0.03305171812731101
0.030591485383407637 0.033054036292354205
0.029033502609233944 0.03370576733142186
0.03279780337679648 0.034370196645288155
0.03273224601695287 0.034460959477587254
0.033310276761162334 0.0345337132826254
0.03397643787184111 0.034583239488863944
0.02944102651663077 0.036241399392968596
0.03684357862140985 0.037616595552818974
0.0357580077660605 0.037863485129724685
0.037847531422346946 0.03793870016016965
0.036102309620655706 0.03800723843678644
0.02978881368263926 0.038021872825561215
0.03869414863537408 0.03869921654234358
0.037708221998747696 0.03877536223681903
0.03872330025729107 0.03905501181700244
0.03956676966402707 0.039578394866253724
0.03713153363106205 0.0403619420425798
0.04000619461615449 0.04085027603023123
0.04034540946349539 0.04108355123205031
0.04096513043063289 0.04120826765572647
0.04076248986788267 0.041231537421566086
0.03815821792385458 0.04124124397872083
0.027818281255222926 0.041327909321127815
0.03974672494063508 0.041543191945370504
0.02688389253651727 0.041643813409577034
0.04120200579178011 0.04304824974433707
0.03324085531307455 0.04328941288469501
0.04317551276928059 0.043321599903533334
0.037989942044761166 0.04346222145665371
0.043043721940886626 0.043798859568617184
0.04404113454755356 0.04404271310834702
0.043569625825789465 0.04445918574376591
0.04413457358507501 0.04454744324495063
0.044789475797962816 0.044940000818351325
0.037415303168619685 0.04500771903693379
0.0409770977036895 0.04505793905843835
0.04212921944587258 0.04527417186476323
0.03237967244753417 0.045874734953998034
0.04622880437462743 0.04628763594275157
0.0422236759546198 0.04654593162729679
0.04664328366524082 0.046655258791840216
0.04704575366194364 0.04709378149606512
0.0427244227562168 0.04720222510776648
0.04552811900340675 0.04758703933492225
0.046502616540925794 0.04805694403624551
0.0308936111954396 0.04878396694090085
0.047586049312649495 0.04884346890426051
0.046982060682381185 0.048849295773561494
0.0473666309097945 0.04908577548455322
0.04856875566801615 0.04933634620096037
0.02834096684631866 0.04938301581684057
0.049818036639570684 0.04985263931414404
0.0499294771567127 0.05242497023935556
0.053977197206105505 0.05409009784649557
0.02694211187529532 0.05431603076857529
0.04428905592827331 0.05446316245485427
0.05029329521943273 0.05456801380094884
0.05162638938782575 0.05459342471852326
0.05486059148318662 0.05498059025830774
0.05468639558185184 0.054985870829179544
0.054399760327663575 0.05510164091684256
0.032354440856182366 0.055410375891975484
0.053299979670017435 0.05597438653236589
0.05622362938341423 0.05679435365226729
0.056809668988045174 0.05683194570883238
0.02721415177787935 0.05683541751110744
0.056738883055914784 0.0570884226371558
0.056960036624161034 0.05720696298958642
0.056508810423064715 0.05751112351822489
0.05729589925817813 0.05797101451723122
0.05764555840654823 0.058831736807335534
0.05801464801676142 0.05905905274737607
0.03373465731010331 0.05949401817734117
0.057947957186324006 0.059638177792200424
0.057869081187984284 0.060580256883200546
0.05538397834923216 0.06061666187680452
0.05524160609634895 0.061306909645760736
0.03695922613249621 0.06202277487322802
0.05701566294151951 0.06286413012193418
0.06175581637056979 0.06454308362417509
0.06439494594311175 0.06490705408487889
0.06514193690670954 0.06517919331485886
0.03683613894579413 0.06576021582942235
0.06537780065890741 0.06646142432583732
0.060643268036830414 0.06660343143659418
0.06752401648513436 0.0678156435500226
0.06747370771576881 0.06793813530943915
0.06441643757944843 0.06817812994007345
0.06661634407149337 0.0682403308751487
0.06824555234390113 0.07017497477581447
0.07098028469481804 0.0709884925292628
0.0709846079787394 0.07103392807579131
0.06364856984559827 0.07144155435003584
0.05808050557950143 0.07149280921722279
0.049550862059925 0.07152175689934472
0.06483793674760098 0.0717045596203919
0.05940223556756091 0.07279354979701645
0.07330590785546465 0.07330965826326581
0.07479600196280428 0.07480574809677178
0.07490654517730538 0.07503407851889701
0.0644956795635718 0.07651647354707931
0.028852919020494368 0.07676383591239438
0.030614266865167848 0.07702986285451988
0.062082737180340575 0.07732443451056355
0.06221470826604361 0.07769959326522981
0.06932181310424115 0.07816385343147575
0.07912988639183623 0.07931156890668692
0.07948855062355378 0.07970522591895983
0.04325415540574927 0.07981601948987144
0.06808843779917381 0.08001285409669266
0.0812414564983829 0.08124512073905246
0.07958133915966284 0.08127641767294591
0.08196464988203957 0.08202300214299943
0.08262336634191168 0.08280138241793727
0.07809042747926571 0.08285142165560712
0.0576086564227418 0.08310420973186679
0.061210000808842695 0.08318546335137472
0.07317767035913798 0.08346460554984142
0.06327214925225244 0.08452540165108192
0.07366347716916904 0.08548250460188493
0.08776093177033142 0.08778261194456165
0.08273814820249051 0.08838988925143573
0.0885553340597593 0.08955724919391443
0.08938432521522988 0.08984860596978017
0.08415451156771417 0.09042459229015826
0.08255792499803803 0.09194621480755481
0.05862170646390939 0.09231926096823255
0.08645372347095798 0.09232020336095968
0.09318414204285318 0.09319910970230477
0.09289806261892804 0.09324602131401388
0.0941112231867469 0.09411148951195127
0.08883526076893503 0.09414141100606513
0.0898330311837465 0.09537914870031883
0.09895641344133593 0.09901865470351032
0.07466802626693018 0.09941975613673659
0.10005282859104406 0.10015671241635406
0.06253660053819064 0.10019748271516254
0.09903022103978612 0.10038058929794057
0.1004360574668894 0.1017001908526874
0.08273892394034149 0.1018369085878001
0.09257938397412237 0.10204476228826366
0.09749024608592645 0.10238668898009785
0.08546393956918602 0.10279242144206062
0.10194718747420768 0.10413930520549909
0.10445147637110537 0.10449116057941289
0.08866187485468295 0.10466824651374064
0.10567958278082867 0.1057282706400664
0.09640276845413694 0.10652461187811053
0.10629645290363228 0.10675863605034859
0.09823472303521769 0.10677206875165364
0.10714723659891631 0.1072657760110546
0.10698985746949602 0.10735480728717385
0.07752829306934549 0.10782330281387074
0.10639108812418414 0.10851870817768258
0.10733872416935399 0.10866341497804084
0.07926109657096309 0.10894759919524298
0.10736840857699362 0.10901869231446434
0.09289836838950111 0.10912794863841288
0.10867341487263757 0.10952734777048127
0.10730756773204095 0.109748329644049
0.10706909916374778 0.11011498724903714
0.11119207228989095 0.11130934020092191
0.10979696206219794 0.1116573131752815
0.11174081540921799 0.11205058220622563
0.11011692883414036 0.11232649525642624
0.10368837319752053 0.11280243428974764
0.08563659539959367 0.11301496880854654
0.10167278739241745 0.11393817038068271
0.11368532510608541 0.11414944432427757
0.10828710174370851 0.11450838436346937
0.08441870501007714 0.11520570652021997
0.09457265688107808 0.11736286016783541
0.09030162152541568 0.11787700336125001
0.116825568176209 0.11940787473614697
0.11673601352801913 0.119559919478339
0.10793952296470946 0.11963328054759759
0.11291037613329982 0.11972696420896582
0.11718844816104416 0.12011402275432641
0.11698229673968415 0.12060146612717443
0.11064435753781918 0.12065410303767571
0.10197009055949033 0.12072329522185896
0.1085064167881727 0.12074425621553037
0.12106095854555429 0.12145710099701675
0.10962931482343619 0.1226512649269298
0.08199624817941246 0.12311561581543881
0.1102987143858839 0.12349291856521437
0.12012069188863826 0.12367921558216319
0.11366823024549336 0.12421046361094124
0.12339057392725555 0.12487610860340252
0.11054027837737627 0.125011473424883
0.11161412314713301 0.1253728928628341
0.10273648922269425 0.12658404021190656
0.1180532678018503 0.12743044272042586
0.10511536348118286 0.1289799486524641
0.12606224760357973 0.1291949004743288
0.11760231160830431 0.12986356165996452
0.1180775902339812 0.1313216068781002
0.06729862445015433 0.13176925390965255
0.13125111875826745 0.1321941217063096
0.12958957111870378 0.13239586888476326
0.12543954852028708 0.13311457295773974
0.08061665557512662 0.1334287963166956
0.12070995213662696 0.1341337885198604
0.13270794532016264 0.13573551771876602
0.13691398233319224 0.13703246956045229
0.08980849432035955 0.1376106653116103
0.10086146409028951 0.13762933655190887
0.1335914195496771 0.13878523199703263
0.11682607157958501 0.1388489696871853
0.1344693693442637 0.13898528001103636
0.13892430208046314 0.13975660712282978
0.12781228785811016 0.13998099579744833
0.13966961850899814 0.14074427777976833
0.13360431788015795 0.14093855834117186
0.11387818908436785 0.14102014158125284
0.1417851368314474 0.14184913727577284
0.07642916905982652 0.1420525315548239
0.12734624915519713 0.14280724251859575
0.08788663626529283 0.14287802659837207
0.137826079438231 0.14294973434080355
0.11711957754526302 0.144194931838933
0.13149155238510232 0.14427772960152477
0.08262526002973515 0.14480200703691742
0.14031616517786877 0.14581832636690767
0.14279659588483568 0.14584302618921696
0.1370932828047022 0.1462143679189674
0.12855249028185353 0.14630599107197167
0.13395171026537858 0.14653186321899508
0.14582742429374448 0.14674764066797755
0.14342174892765072 0.14716679093528526
0.14392849170157276 0.1475701590965537
0.1458868871597007 0.14791655437656198
0.13302784932914763 0.14875875141768866
0.11887146645178964 0.14911815522064054
0.09671217451172955 0.14943457273024485
0.1320306318738017 0.15018950609020654
0.11867992685680817 0.1507872861552077
0.14892895360607397 0.15092255164323592
0.12173329858277449 0.1509861721038714
0.14880165357753478 0.15127790912103145
0.15207657514381795 0.15220361149790948
0.09293111751596017 0.15239876809537112
0.151963731339485 0.15269456410750062
0.1352831692340836 0.15276430920059705
0.15213600770976735 0.1539159074706435
0.15354387529665978 0.15455587611669908
0.1549609486145287 0.15510560152854844
0.15348825466925867 0.15534628818700416
0.13859668519572696 0.15542283755113784
0.15528266013477612 0.1555913979696863
0.08252949117248488 0.1573054173396972
0.1473377352629709 0.15908467055350176
0.10743914645578408 0.1593005104988917
0.12872445637513094 0.15941946301677423
0.07410753988081713 0.1603286317053835
0.1351240286392138 0.16053452546467784
0.16073247611338629 0.16130737861851394
0.16347209213454597 0.16352039489967768
0.14786476211282454 0.16401979602887418
0.15898200981713434 0.1640890104934333
0.16088886004410746 0.1677185623562144
0.15485774863985205 0.16775772592592522
0.1308514571867405 0.16872568996756476
0.15968956221977063 0.16929349760888968
0.16174228998184995 0.17018870948587594
0.15463725634625766 0.17028426352743972
0.14400191423848616 0.17235411584643962
0.14108890587181552 0.1762097609920169
0.17226732412681103 0.17772134033447673
0.17784631763648562 0.1780040164926591
0.15853489296563622 0.17843810718404113
0.17108598424236623 0.17894636426557745
0.15988773130500736 0.1811239897795816
0.1728154974059735 0.1834288617452534
0.15184614700525717 0.18691484072329376
0.18146719112403625 0.18769348571587674
0.138311937023862 0.1876990335099443
0.18920814323083568 0.18934538750536295
0.18761614575002336 0.18956162543044383
0.17269185722395639 0.19069387557927017
0.1894695536449296 0.19080770493752727
0.1923862814665045 0.19446202113029276
0.17028673870080843 0.19655201192059898
0.19693856930049586 0.19693902493601886
0.1915583955545248 0.19773487486333863
0.19794239530733862 0.1982037775695792
0.15289230627241263 0.19828557161930113
0.19492090182520294 0.19879648317474893
0.18837543045529812 0.19934715065106545
0.19702029157632672 0.19997707532889678
0.19795005771138588 0.20018881651399884
0.198044324967137 0.20205930408478828
0.14219437331000198 0.2036676595165663
0.18489092626709108 0.20387374913129216
0.14107883782061956 0.20401807264708213
0.09516498265046416 0.20585375085092725
0.1549882435662743 0.20596151375555877
0.20052445875493158 0.20659496171830347
0.19636729810828724 0.20855563371463146
0.19657372605744297 0.20958522017646744
0.20311517207559626 0.2152874886103928
0.10358317463904547 0.21620396737826486
0.20486353172635843 0.21873128792240962
0.19697814620247878 0.2206289693143791
0.17619275926862096 0.22247963737446388
0.21663777045285756 0.22334942613452335
0.19471990575653225 0.22345833118745664
0.2122010082890535 0.22507181129565734
0.13613080724605606 0.225865804387497
0.2170377945008192 0.22646042453122994
0.16854771899790089 0.22805823725607902
0.19794371666874055 0.2307508452271928
0.22031523448005735 0.2332188960337493
0.23457967459889384 0.23516165062086006
0.19050737447673713 0.2368054910845467
0.23846812180728286 0.23967570681422015
0.23709407150453404 0.24150247769141675
0.17111165423248587 0.2423607590617445
0.23964858864771613 0.243265773250359
0.16772979780137517 0.24375693247065025
0.21277537215626113 0.24637270012568413
0.2464932980770858 0.24691920291099662
0.2472262285568904 0.24787297895076602
0.24892413326916388 0.2489742198634498
0.2524609910128483 0.25329217626361566
0.2455390786700854 0.2542058523663942
0.2441733933686176 0.25461044781987835
0.13774764828369201 0.26350780305886323
0.2589873492363579 0.2675443834432298
0.24585091181538204 0.26778292223045497
0.14101541964580774 0.26894377651029094
0.2669339538130109 0.2712051858613109
0.25030474084883403 0.2749820348051786
0.13081917573586047 0.27635336178139375
0.22332175664563855 0.2766739943393141
0.20719711276782876 0.2769327704640393
0.2728105455689146 0.2773906070254065
0.23485117572530387 0.27969396993196266
0.2652988375844838 0.28175513508410205
0.28399166713264695 0.284314016186964
0.2706671282662084 0.28764231150292263
0.2306953748302923 0.28798451717413415
0.28746603963583933 0.2882378779754672
0.28481623018652447 0.2895809870645109
0.11958619850932255 0.29112961592388975
0.22170083943958477 0.29177863671569654
0.28449938158071886 0.29214356375696604
0.23796409496707532 0.29418692062082435
0.23065185598447513 0.29644844611362964
0.2991573686095609 0.29937714550997496
0.24015089399559011 0.300234808514029
0.3003563823711139 0.3005874119514439
0.28226714513405493 0.3008925264611855
0.29940315592007627 0.30117501896109605
0.26060480328178026 0.31224573423889773
0.09705971851450262 0.3149021359472641
0.31617475521315647 0.31619883079901245
0.1637903043499196 0.31619922924875427
0.3012318231875907 0.3168350878105421
0.31746012096234755 0.31821373495938077
0.3114104109218569 0.3197385408384625
0.27675989732704614 0.32156606719575037
0.2665515916024083 0.3223256587011478
0.3009821954485631 0.323697705910661
0.32380860328023603 0.3242966748452155
0.17734932254562807 0.32787735112051697
0.3009089879070723 0.330321227783582
0.3330090666595216 0.33303349599358417
0.3339591824066277 0.3344080754513194
0.3263960393220111 0.33687174061905356
0.16077272434163875 0.3425428390832319
0.32600622511039923 0.3431521984263208
0.3444700297311891 0.34474884107931
0.34490497137434223 0.34985932083996446
0.28090833394645653 0.35025859999538356
0.33485230625067486 0.35766527458102065
0.14832109926191878 0.36183861534510336
0.367766869156289 0.3678150044211704
0.36918731570551405 0.37577824977659713
0.3599581394239193 0.38366918642258546
0.38907229387511894 0.38922071071613534
0.14060162107669621 0.3896163378812017
0.38958807748816054 0.3903202186228714
0.38896678941662666 0.3905760111661566
0.3397090250645158 0.39220225016899013
0.3432954774187819 0.39342665800331905
0.36262688710176805 0.397511871231452
0.31776760907414303 0.40122897364559157
0.3958995918319578 0.401590645797341
0.3751408506279274 0.40276003022571344
0.296817818616959 0.4043023766311618
0.25381061255432297 0.4063879798727572
0.40933886920156454 0.40941808400641927
0.39718528412111453 0.4124086150972337
0.4129707666552038 0.4134799236958281
0.37478575202057424 0.4148807821348529
0.41441216489839594 0.41678238399812556
0.4042613460931896 0.42480813670309214
0.4232604688021534 0.42712571525243354
0.4205743722957886 0.42800744055296586
0.3160499817497006 0.43253876482408715
0.43945998870650843 0.4394792889370239
0.3078753874439668 0.44113803463275597
0.45128431267305125 0.45135331866610784
0.44994295347009916 0.45494771177521853
0.41221836372768483 0.4579776449249992
0.45433943473591176 0.45965583930558895
0.2098550454916264 0.4621491356702961
0.4596256343007874 0.4656236921655877
0.35119869014682953 0.46783340728655787
0.3318062507355828 0.4729708090631299
0.2662149842229397 0.4804879809795105
0.2914173445682533 0.4881792922107047
0.47469511471799397 0.4883692937897532
0.4878685994339045 0.4922301844627965
0.4800684518163971 0.49290907306642645
0.40020573294481226 0.4931869217992851
0.5030029083374074 0.507336615492124
0.24418556179938478 0.5076056838035332
0.47957546659910244 0.5080019119014026
0.22508052734157327 0.5185065088966277
0.5298224847785793 0.5302060976640348
0.5146539244156649 0.5313344360556403
0.53435109670431 0.534393023061247
0.5071281182485385 0.5359975706968734
0.2586834501424614 0.5411409916904121
0.5234209332918804 0.5470833127956561
0.5480198518493791 0.5483707461592177
0.5463199919820616 0.5576876007643358
0.5263080496272766 0.5612613001891901
0.39188694459085466 0.5722245371160914
0.5759485589834803 0.5784048627713737
0.5759148006695864 0.5801423966451527
0.5835626008767294 0.5836160594789949
0.33955324099169715 0.5842235823021171
0.5713969812008597 0.5888316747908683
0.5966328226432284 0.5966922071854887
0.1904736352966759 0.5976425373520586
0.5121354533587135 0.6143291261363205
0.24844532146149834 0.6246327325529862
0.5622155396403223 0.630285420157979
0.627101292113895 0.632025256827681
0.6355928337968065 0.6356098277828433
0.6406431221161287 0.6423901723456981
0.18948901973671098 0.6454374721852985
0.6178264873527453 0.6499583931006188
0.6693005370701884 0.6716381129560987
0.4292566019254511 0.6725665097377618
0.4450756504446989 0.6805410321662846
0.3917179950526196 0.6815444704325202
0.6617191519611473 0.6836236287032346
0.29669706203709034 0.6901693927351155
0.6426471974295977 0.7041696952064561
0.29841274554906866 0.7121383907929564
0.6741018405750645 0.7154870042998093
0.7415341877108691 0.7447383229810555
0.731456462957387 0.7455063566774601
0.21051730445041533 0.7460113371216472
0.734046986923948 0.7556412420321396
0.49825878717319405 0.7575825027637036
0.19892529604392528 0.7721634564282372
0.7896198906726147 0.7898077623352792
0.2068131530604316 0.7984309004486518
0.20062052921917453 0.8738907975934717
0.9132133436532335 0.9132407272721643
0.9267134721016569 0.9267681719481523
0.2894253879021808 0.9272025760517396
0.19190863958818574 0.9873999878764161
1.0147350806554147 1.026106729589672
0.7912523790252728 1.0463487700691259
0.3314569131055936 1.0513842805540712
1.0444928476932345 1.114725317884052
0.2713235971545205 1.1251268140328048
0.15289645033070504 4.0000008046508215
