0.00018612063121087994 0.0001907771969554942
0.0005307087162718812 0.0005443327860801909
0.0006950610759935915 0.0007014029856446791
0.0008850064053281603 0.0009377300716015694
0.0015514584087262682 0.0015908625144517004
0.0018918481791090698 0.0018968734253467755
0.0020301079724370638 0.0020438014203690235
0.001982128051787476 0.002229804955942794
0.002520970103794343 0.0026838183728861782
0.002678887284479322 0.00316882760963408
0.003975617692330786 0.0039757063970688716
0.003991029146070467 0.003992720144078331
0.004002712955324855 0.0040525064358227034
0.004156132971439607 0.004160441332859921
0.004583200429543244 0.00466908052224086
0.004842113853928718 0.00540322837811203
0.005741503437699814 0.005813903822984072
0.006621023322160729 0.0066613830842943275
0.006971959394915187 0.007207196661677895
0.006488487839139804 0.007348279752048346
0.007381616419085699 0.0073818717264947185
0.0071709445473643755 0.007389135858874408
0.006685336818613326 0.007398968976912075
0.007495448270913922 0.007669796239646605
0.007184800847727461 0.007851520712656837
0.008055836701209513 0.008057817718798646
0.00715049414550923 0.008074140690401266
0.006573187866989067 0.008177769858033052
0.007954710203743618 0.00822329177043551
0.007996554169239245 0.00826239709556415
0.007360777911740805 0.008424932906984744
0.00824535534628667 0.008686480453762852
0.009058671173993935 0.009121471251632506
0.008703884333128685 0.009129174631022518
0.009094576062328939 0.009137458706648024
0.006808329272036705 0.009404046113303354
0.007969283548870366 0.009959899917823268
0.01007640921586309 0.010222940921366261
0.011694880025384595 0.011709935721046802
0.012722853692388628 0.012762430639171138
0.011221832891302814 0.012977393265262527
0.012208635004473941 0.013090085669730635
0.011954176048246997 0.013403260624671088
0.013731656671905833 0.015005411957940966
0.0134243930223588 0.015049496529267228
0.014972784155885863 0.015174101006767344
0.013246770477732393 0.015710693210736693
0.015538910512231833 0.01578968110198059
0.014512911861169394 0.016099386024004767
0.016158768711094795 0.016161545250131474
0.016055299234885034 0.016335465134701632
0.016229947451229073 0.016374417848152547
0.016298414634468458 0.016890105939131286
0.015279229337731839 0.016983389904511387
0.016911245071141275 0.017053950357954085
0.016159244082541886 0.017079438534490197
0.016856535448476043 0.017115419496929157
0.015369847543894016 0.018301602240807274
0.018417617819672483 0.018446095248841728
0.01857375610561869 0.018746558035113266
0.01845896254003509 0.01923785732437639
0.015956698296936512 0.019314970402336852
0.019409110588224317 0.01944249767699046
0.019280596649803625 0.0195189785749281
0.01398483663316014 0.01960972507776522
0.019021513250936692 0.01975700633601079
0.010845295075708474 0.019791297702205148
0.010204240875827157 0.019864653539517364
0.01731853831642759 0.019946069800234514
0.014877829693842829 0.020140868428792716
0.016080712311572154 0.020473535369312054
0.016779925332492802 0.020526258185209346
0.02072801746996562 0.02185050189109069
0.022966778396433903 0.023023501658796294
0.015982097587990466 0.023104839593794217
0.021538376201363726 0.024003538092723025
0.02186532471997921 0.02416326265088405
0.02423661713483563 0.02454128774109652
0.023746337012160543 0.02465363997521981
0.02210917952758895 0.025091797741279332
0.022269717089230198 0.025606362842758662
0.01083075769271404 0.02626041957061872
0.025389261778903924 0.026548941838754902
0.018216757978401877 0.027707554438985135
0.026600923761367523 0.028098697092087666
0.025669222293280967 0.02834713962755001
0.028287494679550194 0.02884507033721156
0.029704128939731164 0.029775769985488497
0.028555428560048966 0.030578473229061643
0.015790424247951754 0.03095117539249169
0.01735734404549304 0.030992623112708183
0.030847851103581115 0.031036694128558338
0.0308209837322304 0.031123683558319012
0.031176228686737553 0.031187219815584605
0.03156579718776872 0.031565844470593005
0.02833257638982098 0.031834136384595535
0.03214170719612836 0.03247579717152543
0.020637598653274684 0.03310277241017802
0.03079434245259371 0.03398165299193991
0.03192625075730351 0.03409626144714648
0.03040038104437196 0.03417659992025874
0.03441483691161549 0.03535632425486611
0.03520642365203374 0.035471450925801756
0.03592488219789104 0.03592609809746515
0.032690971990129464 0.036100261249148696
0.036544905654538815 0.03672906632218067
0.036559743011219996 0.03674845392442557
0.0328954744736148 0.03690444871467622
0.03708932566814545 0.03709367646453978
0.03730462860679513 0.037433396991854995
0.03799421416364997 0.037996084721905646
0.02518971531637845 0.038014540086503325
0.037852435248379515 0.038037857007020656
0.01721560285322284 0.038476782941971134
0.0362169529461505 0.03850299673576339
0.03584371722605177 0.03865515748428726
0.03564312502263184 0.03890328168875723
0.039307291882223934 0.03930985820881563
0.037203864394378686 0.04053358482546586
0.039663360858566324 0.04066325628332066
0.039802276308460026 0.040840314528164424
0.03690659003938988 0.040992162061800834
0.04036250148809172 0.04099460842158828
0.035434037796457665 0.04128597490643484
0.042596200405381646 0.04283262786243029
0.041622975425995655 0.04290911091766129
0.03941818212001209 0.04340614650831672
0.03851833427540193 0.04377796120602156
0.04365126247295583 0.04417998932136484
0.04447143873026935 0.04454822731871275
0.038073771825466535 0.04457386687520108
0.041645613814361 0.04474194607541641
0.04128968160500742 0.046011447916782924
0.04398610092336644 0.04620986814895676
0.04612952638506197 0.04634129566740453
0.04643162838692647 0.046446357320521124
0.04673245064291111 0.04685022859326635
0.045893906890898235 0.0469029140904811
0.04354793205844057 0.047046132413013246
0.04612289334871162 0.0470811270767672
0.046813460285074215 0.04725351179686698
0.03342759804310318 0.04749681596016505
0.0470520336607423 0.048718852139311056
0.04325386617363887 0.04891837477679783
0.04889123111994487 0.04893796249929943
0.05212446366192286 0.05255242023967853
0.029179948744350943 0.05326671971059755
0.04044673657788678 0.05341647143980556
0.045403130564218325 0.05488589611186641
0.05501642943684599 0.05504686093047301
0.056029444489069734 0.05630699306767212
0.05647036664927526 0.05855934950847458
0.058599087022381015 0.058746923056016594
0.05870750706471169 0.058753900398747304
0.049720119751842685 0.058795545868342486
0.03737682352386946 0.05883924409349164
0.05894695387183451 0.059028626661713456
0.054229607665654 0.05954530083601931
0.05842191071238834 0.05965428747939113
0.05993491825723417 0.05993904852300028
0.05119815690024872 0.05995709032638714
0.06018728383867167 0.06018740103174332
0.061123736701619566 0.06163908200517131
0.06197317948727549 0.062444828123251556
0.05842417128629811 0.06335212298600701
0.05853176830335724 0.06336463815261188
0.061504065425732946 0.06427023032877643
0.06382644750702562 0.06470733638325939
0.06278502881735301 0.06506572126962182
0.05260130936030621 0.06586499880308458
0.06004558477338754 0.06589426515861851
0.044220613439129 0.06691655004794118
0.06182065959884441 0.0679166785125536
0.06718566737200267 0.06798992148644453
0.06802951267211886 0.06890067077490172
0.06860685715297712 0.06954128177951836
0.05664637061047495 0.06971171210565048
0.07023006230275335 0.07060737438617354
0.06183845239264619 0.07140980423916679
0.06528884845955805 0.07295038867841946
0.06115109007199872 0.07368021699739222
0.07223486987523417 0.07402706773079322
0.07405304075958387 0.07605206342368495
0.07341353646728284 0.0763524620699333
0.037483735445815125 0.07695160304285437
0.06682975248473523 0.07709376695382515
0.0769650948959222 0.07720596019457825
0.07492313490788437 0.0779997239066666
0.07500645297734232 0.07851249247523454
0.07352201608104393 0.07882469788135064
0.07129345305646415 0.07893704647240334
0.07049437639536116 0.07901727758051644
0.07423217742250082 0.07939319201387927
0.0762840518175075 0.07954586764910569
0.07512989817194499 0.08026309500317308
0.074759729018859 0.0804602968147911
0.0789863715267492 0.08153573025526904
0.07633423513226338 0.0816070349950657
0.08179622886683233 0.08242735210943464
0.0820656977030795 0.082731508628081
0.08228070129904642 0.08352246173859848
0.08196506213026739 0.0837080323522264
0.08416395450953626 0.08458232947718781
0.08491113277274866 0.084967439491937
0.08421610740419284 0.08643403651542372
0.0840893694663945 0.08862505621406437
0.08899615632473726 0.08958786208838278
0.06574665093994268 0.08970574415598036
0.08058283011311335 0.09114149420005856
0.09039585367783569 0.09152394792350488
0.044250713197582656 0.0934642842106955
0.09351831873846633 0.09351861130415781
0.07902815937830614 0.09411898302928375
0.08340497967775047 0.09457576488422256
0.06241827261252716 0.09486621694267408
0.09598241120478107 0.09792696091859594
0.09715826442719833 0.0992072696005923
0.09033874159848698 0.10097028582201517
0.08616043876997123 0.10137196452786681
0.09719167914266903 0.1014746284947538
0.09904878112003718 0.10183846737509178
0.10309154459254002 0.10311921693614454
0.07964694869667158 0.103152247377442
0.06600798750941228 0.10404936890346606
0.08783131726025852 0.10426608901634038
0.09276208220352827 0.10442070994302471
0.07180202682466089 0.10443051977147165
0.09897395737734907 0.1044797562059743
0.10274624121505432 0.10501428417471338
0.0994019593299432 0.10615176373777978
0.07801054670449602 0.10685430170178045
0.0853843303546875 0.10689767512597008
0.09836989447103381 0.10942304154706291
0.10425111323627362 0.10957753494896448
0.07678155572520372 0.11172560762219097
0.11029580095856742 0.11193808377471577
0.10132862621982097 0.11250161208126538
0.11299450732737239 0.11320833260604805
0.06473456916220233 0.11332160478018324
0.10035564752481543 0.11358279608024262
0.10765625022110033 0.11397900723106434
0.11024385412086295 0.11476251167097136
0.05779839897266198 0.11489616140221247
0.10986454974994277 0.11590549421427361
0.11595419212017262 0.11599788255576934
0.09975718426805005 0.1166325359567846
0.11772097665638537 0.11772675166708113
0.11816274028487656 0.11840907456824953
0.11932877564033335 0.11946158029846315
0.12113626100367987 0.12113628421070993
0.12156866703208918 0.12157383440274712
0.12107966483498885 0.12226040830208043
0.12329229547224042 0.12372548032493208
0.12223140640015015 0.123743748795458
0.11136096118337153 0.12414573358273488
0.09154956466657035 0.12578950703202355
0.0985433192636997 0.12692690422234654
0.12369173302673862 0.1274444550285947
0.10593663253116019 0.13054230255156477
0.13114975901472614 0.13178300737918056
0.10634771815470428 0.13188347908664066
0.13192949471637272 0.13412357145758524
0.133608477686697 0.1343268058887611
0.12829861797111125 0.13466254544715361
0.11750624932675091 0.13510465089573853
0.06300664512436271 0.13567281937973452
0.12711779383087313 0.13624294082783595
0.10443214762732098 0.13697006537231074
0.13823040099130063 0.13823487612731442
0.08896299499476067 0.1393533598895595
0.140038779774617 0.1400397753603872
0.14290808974634744 0.14401515304239204
0.13989525602202085 0.144327057825394
0.13408729738474706 0.14566418807552656
0.14583219111578868 0.14652196601466058
0.14492511744734232 0.1465828761189515
0.14886656413493204 0.14889497075243494
0.12582961244299323 0.14999075790471272
0.12991037142521894 0.15067331476819126
0.1506700971557115 0.15068467554204917
0.1549236864545522 0.15520904146935835
0.15238101893392406 0.1556427285461399
0.11649574881341634 0.15614541149272523
0.12929906345484976 0.15687210884638608
0.1451315805945441 0.1573734952898863
0.15347472622954653 0.1576049043324394
0.15788208737174148 0.15797596092360272
0.14976927336638798 0.15860443246769476
0.1615459605353528 0.16228579376321495
0.16415361197712447 0.1643662089040457
0.1555718141569126 0.16496555572861263
0.09498185271147068 0.16544773859027154
0.13910059692516769 0.1663595541220325
0.16526776285282144 0.16649765532884436
0.16692404315629153 0.16715027355724915
0.15451414561512086 0.16764107126334915
0.14623260125885806 0.16913802084320165
0.15082212719118043 0.17056505307209652
0.17059337573245179 0.1716117739837343
0.1714373784540218 0.17162650855023265
0.16885656070024108 0.17195729523668493
0.10756621834773045 0.17270682803130644
0.1728444849856462 0.17386781437528087
0.16221273758270477 0.1750128087776952
0.17434881327453172 0.1758127931684876
0.17302987490013153 0.1763066367170339
0.16742441307230074 0.17654758116690372
0.16477210880444199 0.17683289234737146
0.17378364787150563 0.17725442172398304
0.16196326575519673 0.17774328101700337
0.17589623020138978 0.17903073488375762
0.15961891521061433 0.1795010353891701
0.1799094698485293 0.18004125085203226
0.17819215194692167 0.1801940381422399
0.15368681206409862 0.18090593515549053
0.17906371112323857 0.18420026617778085
0.1723890704713936 0.1842983224206287
0.18454817917085597 0.18504511266767953
0.17714676288146447 0.1865145712915071
0.13802358074829624 0.18652869130345617
0.17564269567132065 0.18781564039762363
0.1880996603972408 0.1885863823406813
0.14130294939526514 0.1896082928975473
0.1868919821595106 0.19152450562800305
0.14534108771696855 0.19155556143357796
0.18615935881079965 0.1917427317665349
0.1478542370577917 0.19254653622641385
0.19038025058365238 0.19279236576988448
0.13962437499236457 0.19373122544800656
0.19409086620768679 0.19418757877692783
0.19160072661536484 0.19813678867024656
0.1947510441513664 0.19890013173445786
0.19167816840897145 0.20105389800812218
0.19036813496279362 0.20108482910162062
0.1476872217433712 0.20150458434440327
0.18882987600261836 0.2025991564935977
0.19798592409625496 0.203466948366087
0.20302001678574516 0.2035167927140658
0.1907586773065128 0.20375815951018228
0.20440601659149776 0.20663375867007577
0.1704931874844385 0.2074309413622914
0.20432717964114547 0.20750796303054458
0.19285646909009124 0.20800253054034226
0.1758646511708665 0.20876323220964338
0.17648531364209422 0.20932358543013949
0.18874959678485562 0.2120099163008036
0.21186581555582124 0.21219707028769919
0.15971252916494116 0.2138829518414334
0.1949821541231828 0.21677949435824878
0.15725338675907577 0.21813272999977829
0.18384493215889486 0.22009716215803835
0.22158903198657462 0.22179016690700606
0.22082325514382656 0.2224855037407227
0.21750780530058283 0.2231733316816844
0.2262129441825082 0.22680320998455641
0.22801980518048398 0.22834293986815127
0.17413312482671012 0.22937874292975552
0.21643503139466577 0.2301100919304214
0.10112936019662631 0.2335480722527243
0.2205812043462144 0.2337120120328516
0.23283311935513507 0.23619363106192565
0.24049181247120957 0.24049393816171313
0.21380019623606095 0.2413856721613873
0.22936088007451724 0.24169067622017165
0.24493343248651195 0.2466685315328845
0.23591193385352383 0.24675825865833606
0.23406278427118427 0.24679480405275916
0.2331669031483188 0.2483229897195279
0.25031651608402256 0.2503221208889198
0.23417669718833264 0.25182316642536473
0.24320603237791544 0.2525787695731228
0.252924439822681 0.25292546286085615
0.25122143282039466 0.25392386428451474
0.25285655321780254 0.25422151179964475
0.21384882025617435 0.25563419372650076
0.25751052203706915 0.25818128437868704
0.17699284152749495 0.2601711265853092
0.20483772045056464 0.2612640265157636
0.2589307637335163 0.26144830357200666
0.22687057343640382 0.26189770184553474
0.24273210960388844 0.26674947153982237
0.2587891288076419 0.26679132376792514
0.22948213289916658 0.270986591119802
0.20269707232265083 0.27513828835441706
0.27234030832869177 0.2754209008207298
0.25821482915315747 0.2755709411886002
0.27238855396913175 0.27583896282832787
0.17111302580179982 0.2766487797789551
0.11153976989351358 0.27749406766112694
0.24801506817819655 0.2860518383069291
0.286054164719166 0.2864734590371602
0.27090541979057725 0.28765246341320366
0.28727970546383286 0.2883227619443841
0.253505737097809 0.28947556746347214
0.2881309609564252 0.2915321818538563
0.2911456197873962 0.2924058139993672
0.26703656794506625 0.2933906423029916
0.2869838731492634 0.2935172978658999
0.19451010194885243 0.2938661682350325
0.2796826055137114 0.2946009589746313
0.28693757943870907 0.2946930939857827
0.05804063775614932 0.30334887928488957
0.24696831943006742 0.303490853035714
0.3041930720298191 0.30729507659837735
0.3073149856170358 0.30921333860828637
0.18349824292536887 0.31205355097251714
0.29286265932083533 0.3122047551770935
0.31720865421439587 0.31725674883313704
0.3127355173558541 0.32127713350547193
0.2960351715693857 0.32134342406624183
0.3073077789145287 0.32376467891668026
0.31359459119038025 0.3250744946960311
0.11485292416801166 0.3258445152162979
0.16056341184484996 0.32974488751596787
0.3303469256052067 0.33373495540440673
0.300813115981247 0.33876121542972665
0.3396908406625998 0.34201822638484114
0.2816481609583694 0.3508036131955938
0.3125797282458605 0.3542168009869296
0.3106054319127033 0.35755045600812135
0.1763058657297334 0.3643615899004944
0.36459715023360845 0.365049026014741
0.36340042426171076 0.36733465416985916
0.36128002167160256 0.36801320763319895
0.3213225112672879 0.3697988176002763
0.27195493473291055 0.3724570204497365
0.3713301224648144 0.37568155140197285
0.1431082981243495 0.3760047736209398
0.37865188482301054 0.38084932178395137
0.310007039280027 0.3819297225763718
0.21584760014731635 0.3903836529543105
0.39411966993546615 0.3941699333384896
0.39500704208140525 0.3960574873141583
0.39282256000534144 0.39720757011302854
0.2072244021903482 0.39852032601726145
0.2368490887114309 0.40327315260049185
0.14762598585257747 0.40582235569777075
0.41074587956967745 0.41428445000151637
0.4099773877673986 0.4183883232258864
0.4165155927916173 0.41850673339537053
0.18135086175601223 0.4270852149353146
0.42959085855113366 0.42963540901278063
0.40026660236140826 0.43116047127020474
0.2689891821426432 0.431191259707565
0.4277517226326098 0.43324346273068687
0.16172875503313708 0.433583624956078
0.4410198524423117 0.4423845885468375
0.4224638104274 0.4455159075482938
0.364405379363689 0.4472166316318642
0.44729798110119845 0.44918203165727194
0.2662846997714462 0.450160646834846
0.24060672922310616 0.45017162453050646
0.4500307577505004 0.45178329792546584
0.15093758210915656 0.4595525936658274
0.38660297968127033 0.4601382940519995
0.46097691450576234 0.46110381005880746
0.35224066267911136 0.46824152376955924
0.47187578839726246 0.4806118273043906
0.3098519858933639 0.49361043060537274
0.49700552660133895 0.4970090751249617
0.49578379667232664 0.5048706965689937
0.14145341463601918 0.5101149451660484
0.14606027082886794 0.5154329005544374
0.4516485274660109 0.5205293425793489
0.5245236820898007 0.5245558057529195
0.503138319465082 0.5283950341135693
0.45874671204403306 0.5349726747164957
0.5484703765505424 0.550138089019165
0.0996219001049709 0.5773661756516089
0.135357144457656 0.6384735880282861
0.5927356580997125 0.6519574200042537
0.28305923079407863 0.6648200566044608
0.6575083394848565 0.673708183049861
0.20237596696391935 0.6940723541312764
0.21545889631488485 0.705999370299888
0.7187133534384706 0.7187247303989777
0.7273214431644066 0.733585648151014
0.26215652310076626 0.740898301602538
0.7567864790737295 0.7645339519882176
0.1620595638302036 0.7696301118501679
0.16194221678756487 0.7725640802891585
0.8588796117539461 0.8731145208772709
0.1461369582910278 0.8794084710546957
0.12963328829954365 0.9038977327602794
1.1800751478319407 1.1968010237447113
0.9627190373382257 4.000000212804024
4.000002269581973 4.000012745709391
