0.00018225638575834231 0.00018454495082718782
0.0003480390328614428 0.00034815352880153064
0.0003380825846930428 0.00040660364752362593
0.0004622708842261874 0.000508742229092958
0.0006476058351755262 0.0006787211620683738
0.0011108218564220196 0.0011815068980447218
0.0013169190403238046 0.0013238424668357309
0.001310207358480842 0.0013401141181352142
0.0013947773128510457 0.0015784746645260469
0.0019396260775322864 0.001956568538117723
0.0018935175157660479 0.0019939173990402384
0.002096692365381218 0.0021604943330196897
0.0022132589999056423 0.002269031264857389
0.0021420103621794867 0.0024881121419325133
0.00227065152000441 0.0024987470446779505
0.002534050490606448 0.0025963124851212348
0.0028335322631840997 0.0028396418364639332
0.003838222520372418 0.0038387487150738945
0.004445108775927259 0.004536726436365778
0.004669598336071947 0.004827516765940868
0.00499801455701106 0.005004429668486409
0.0052039536593892636 0.006259740494992354
0.005731928316614033 0.006450593472063119
0.0069759680056601 0.007114948568689003
0.007161076752610609 0.007182887217691056
0.0063602365341735 0.0072732467384647535
0.008251640294892438 0.008264937446460043
0.008727234492870906 0.008784349576284196
0.009080311810980403 0.009292391632444946
0.00958147551931393 0.009594470306770748
0.00970278460235794 0.009976721007880296
0.009163740156343156 0.010113594442604321
0.010053072139518435 0.010802527163953041
0.010502300111666127 0.011283262278536746
0.008363079215138859 0.011283980400533099
0.010559328080866938 0.012016113325635512
0.011790167484806756 0.012064423228501929
0.011846809118732083 0.012186890965465883
0.005933032625207739 0.01219325830325622
0.012188954493165786 0.012853636917645257
0.011558556128518934 0.012892252682008505
0.01246604586459873 0.013505549332087958
0.013251145313980235 0.013652128423535368
0.013595346954526324 0.013678744194110836
0.013631873488073197 0.013729311435489461
0.013406767282139074 0.013938897309826673
0.014202999264277167 0.014298856111268252
0.010943792464558753 0.014313831246952303
0.014121095317621556 0.014408434925669423
0.011746607795390236 0.01445689926241108
0.013805511656340174 0.01483735243804379
0.01445625070449879 0.01526521794223043
0.015387037426504132 0.01572425874038552
0.01153861771194001 0.016082123711284205
0.014570787160419287 0.01616729724510118
0.012025407006342782 0.01623351518979759
0.016622881441708225 0.01663240036078758
0.017250317007673138 0.017297985816219698
0.017422388226542997 0.017746739982577246
0.016877123818026883 0.017986033041589092
0.018164744472655 0.018168130106757517
0.013969678160094836 0.018253674018993884
0.018335155464005357 0.01834626176788037
0.016068752368428543 0.01884721710918141
0.019188662080998044 0.019446108428091448
0.017272314204626604 0.019741787982033427
0.01897083235180507 0.019789379128178554
0.0202821973133534 0.020284337026646736
0.0192742254060013 0.02067840344060881
0.01957676427857781 0.020923285556982026
0.019193593252862653 0.021117164103380395
0.021229741875780965 0.021707862148038458
0.021455647081844862 0.02173028611123552
0.02149435585297782 0.022000974472384176
0.021881919895050055 0.022064391330495363
0.017931305034120847 0.02210611587035609
0.02280077819974469 0.023535698605937624
0.023685744341374833 0.023750332340099968
0.015938251721024407 0.02398626209497603
0.024702429854592103 0.02484523143086957
0.023334438447339626 0.025032997978742352
0.02506810318886824 0.02507009419173486
0.020617534238478705 0.025387578263339133
0.02456923956059305 0.025527124439304726
0.025725763118787798 0.02581611330625765
0.025839037749311407 0.026171005970012897
0.026449892397146978 0.026586654687334406
0.026443553225785545 0.026619630388205882
0.026684215645734876 0.026710429736572405
0.025523553119646082 0.026710677869335217
0.024911023399241394 0.026718246641520654
0.026742972460604156 0.026743176211641434
0.026336801525700258 0.02675416082503868
0.023575490634896532 0.027028651106735854
0.0271127078113601 0.0271161030869071
0.024852710638163283 0.02721401253614958
0.026170609117837397 0.027228345480673603
0.027152316422705224 0.02739738797321887
0.0273122979451383 0.028013270126497656
0.02797344809274141 0.028373890762823803
0.024936726920114623 0.028382144539723115
0.028318806564354104 0.028647285085586293
0.01834622549393169 0.028651904057255696
0.025590978444114548 0.028796163731967774
0.027839754227474284 0.028896982773493833
0.02639768932857689 0.028911162548861617
0.02504815452083882 0.029013565020549806
0.02880346790427075 0.02912587890296511
0.02903045121221728 0.029198619231488147
0.029436899387439763 0.02971772746095547
0.029333537956619242 0.02979189992466619
0.028632671002807374 0.029879511774920334
0.026210320876835495 0.029931524267362362
0.028524091503446 0.030542235478413757
0.0304491342494599 0.030673535000586116
0.028909126877211633 0.030729000644636646
0.030683533456282136 0.030865285737267364
0.030876380214062367 0.030936531734481663
0.02720971996766534 0.03132299983825435
0.03119869618000187 0.03149382745324415
0.013971856001309875 0.03167191230446034
0.022344835742104167 0.03183665402085548
0.030742516554349154 0.03210298013026397
0.03230400371713419 0.03240982912994995
0.032569431871054114 0.032635425918934126
0.028806275184149667 0.032765738094774385
0.030953889305572243 0.03278426009032142
0.0275050196139833 0.032792172628878395
0.03324775126884001 0.03325268078623619
0.0320680434640005 0.03382748931478006
0.0340585709424802 0.03490560923165584
0.03429440850616508 0.035029118928565146
0.03513116446588514 0.03514323473809587
0.03507266801655006 0.03522121746752466
0.03444584425141379 0.035229601337191996
0.033566802167362145 0.03554101538743741
0.03203760651758497 0.03572403055145085
0.03541765558878713 0.0359608108585578
0.03447576335168319 0.036109167524403935
0.03543527510544352 0.03618481986657088
0.025328426011074417 0.03630941278354161
0.033311281605460936 0.03646663295235283
0.035882289215405844 0.03658498843732454
0.032167857439574774 0.036642267252712864
0.03665659502976565 0.036657699257845434
0.03560079867784502 0.03704307968389539
0.036109471981994774 0.03724636268539938
0.02848476650877383 0.03729774820641158
0.037020831414065564 0.03754443058523535
0.030764593762519207 0.038071853796759474
0.025703335110914348 0.03816952720276019
0.03631760768221659 0.038801122861200646
0.03950574519422027 0.03979416356242278
0.03667883837199789 0.04013336888680148
0.03212106613439477 0.04052768413692882
0.03514328530144671 0.04101155480023509
0.02761247481745071 0.04192253195511042
0.041280582023116456 0.04210360599159202
0.036730272667256585 0.04301139893193692
0.04158815254237131 0.04336019234371876
0.03519438216263231 0.043964309338767625
0.04302327137137742 0.044393440884576786
0.04157002452413617 0.04457753421104374
0.04518237192691511 0.045248111674053196
0.045380552715542394 0.045948935846604935
0.04595585544904273 0.04595593120244001
0.03796213767459434 0.046232653230363185
0.038641196325884884 0.04638936724864245
0.04293555327717657 0.04647389980754826
0.04649393120472017 0.04649396165229459
0.046503334244508907 0.04655378385441303
0.04297872178096468 0.04695291000718474
0.043835842924982674 0.047179212517369194
0.0472335833584726 0.04725860761348239
0.04769201245868722 0.047754221892375374
0.04069297204152753 0.047829721950252375
0.041544664383640004 0.04814618095369347
0.048709405003764576 0.04873462763205228
0.03288174784447413 0.04877567506970964
0.046178269966909574 0.04885279204335375
0.04883345767067872 0.04886269982087491
0.04877957223719772 0.04896420432836997
0.03308032417801523 0.049175048083617896
0.03092114846039392 0.04966440549694383
0.04202032759264372 0.0497415424064821
0.04650430736782175 0.049942496026312476
0.05048348225388671 0.05080464634444403
0.030783627737744654 0.05163041894597002
0.026251869461764207 0.05289499723948325
0.039708197914729425 0.05307461046438907
0.051970448784847155 0.053168624870619074
0.05306735041601704 0.05329853669111758
0.0380703157488498 0.053486981192235133
0.049644600004277534 0.054633738727322675
0.05389165944966942 0.05551150353599095
0.05448674060310866 0.05590083639136709
0.05543053619399654 0.05599327160302611
0.048732803236031096 0.05600050491140023
0.05270785814066686 0.05609049452263216
0.056311484264235594 0.056514712353851485
0.05596421706093032 0.057232859486806134
0.05306350702784513 0.05771791791546784
0.048488552105408034 0.0577681483544725
0.05684174728357145 0.05784651990320014
0.02024183399389125 0.058323293427909
0.058528932693042345 0.05858223398452899
0.05890854089149848 0.05903100000891241
0.0592331109494819 0.05923820324188262
0.05976118321759196 0.059793355118958426
0.04313385820429187 0.06063062717383787
0.056739300159488734 0.060634055833163385
0.05609048679678243 0.06168653645352443
0.0613254670384321 0.061729978277633844
0.06202925091222355 0.06218227815636869
0.051968121390065396 0.0625729291137781
0.05211758582968543 0.06372865882171243
0.051785105553297815 0.06422585351725131
0.06277905201320821 0.06428826612669089
0.06268152969477855 0.06494922159648624
0.06531443356419385 0.06538525126763473
0.0626490679013935 0.06571020274390431
0.06503800404807777 0.06579452992099806
0.03775061878255784 0.0658928102878485
0.06169873126753208 0.06660385769625626
0.04576697658317837 0.0669128437287633
0.06207909210485644 0.06800064916916636
0.06811983572592134 0.06831645444968079
0.05435036596496034 0.06857504463320314
0.06823999397588687 0.06878777044753302
0.0627571421576921 0.06882524363244415
0.06386707433205341 0.06883182623465192
0.04695723383351392 0.06894194417150323
0.06828884567227096 0.06917134111355308
0.06898158664759282 0.069991306603235
0.04562245520580535 0.07005240188046595
0.05102010510713128 0.07025525059165215
0.06256482131941735 0.07030662840948616
0.06628299487023154 0.07049485842207556
0.04926102405027671 0.07143221437026911
0.06925974720828347 0.0715388586113332
0.07175336637094624 0.07175363000207897
0.05735188282988827 0.07177821299449694
0.01646693676395251 0.07186593646789248
0.07185720045674168 0.0722947676726199
0.07280433260515504 0.07353638730092778
0.07514904653798235 0.07519497711224632
0.0667861528281098 0.07544574300616758
0.06393732295123336 0.07563187921437765
0.07411407897966116 0.07565291354976375
0.06576905062391308 0.07625652577443703
0.07682702977398756 0.07705228150760354
0.06851670319134406 0.07750403037717418
0.07527365269866082 0.07786681336476742
0.07447614564195193 0.07788396770499341
0.06650320936573743 0.07889405193340887
0.07490535909656662 0.07898246721512281
0.07070988510137671 0.08012550952373021
0.08304205268302889 0.08310704261428167
0.07906613540609982 0.08319030020555518
0.03618721890247098 0.08569547416453417
0.08219127575205644 0.0866509243762575
0.08555771398344413 0.08670224291005044
0.08693258871371205 0.08715334430221365
0.08761906713082586 0.08862160438878407
0.08749081565038919 0.08884816513692963
0.06026644577907553 0.08914235921373624
0.08522325487174859 0.09081198420095479
0.0901484855970627 0.0909664847629025
0.08379474484587265 0.09123995044667994
0.08717889130855669 0.09271618510932901
0.09305139499249317 0.09396125172231597
0.08908882297031495 0.09455255713808115
0.04504510088368707 0.0951712380722173
0.0904799004524465 0.0952986408582915
0.062382443498404674 0.0961880258474013
0.06503033497004343 0.09621908778082107
0.09811115699630171 0.09829672399830468
0.0947976470317003 0.09840265594168443
0.08399127550839933 0.09959807235718535
0.09224098421438716 0.09981289489159367
0.09736268909786763 0.10011217083105185
0.10011159376702802 0.10017185105149913
0.06563129851250675 0.10096571287947448
0.09433254633014546 0.10166889443464992
0.09236795471798392 0.1019923228207861
0.09803922609070345 0.10202361488656898
0.0445258652337688 0.10260273497673293
0.10360684700334077 0.10407438907347806
0.06249914010115467 0.10437134968080837
0.10605277401810648 0.10674027067701954
0.10721527388819095 0.10729677787118401
0.1047933457983047 0.1078876321901196
0.10882475037061538 0.10887453693838765
0.08352619233688427 0.10936067597373006
0.09725802455944871 0.10981760279534217
0.10863055373731464 0.11065033734081084
0.09065932622828951 0.11092135816643381
0.1006476566530236 0.11155011547626996
0.1011932220254353 0.11170706490555236
0.09151859604854698 0.11171064195919592
0.10675557952989603 0.11369472556761669
0.11184047952727111 0.11381290387849137
0.10575869327009807 0.11453014393755284
0.09288069041775325 0.11497549401455563
0.11701846141913218 0.11982869016162102
0.11891509883642427 0.12003800575468056
0.1207128972107575 0.12071475967883333
0.12109855797484176 0.1210989798549344
0.12088659687587755 0.12123108377600952
0.12108129664120866 0.12173896544429263
0.1071592454935048 0.12175656166416564
0.12183705491708405 0.12184266832434582
0.04829245978046041 0.12237551736298487
0.05167668120657353 0.12415856287612989
0.10692254855718263 0.12421087324180304
0.12419260313180971 0.12443694817334044
0.12501060203933698 0.12502559945367314
0.10421145203521603 0.12533245172668814
0.12363672207214182 0.12610950806938676
0.1249010180959585 0.12683019108825305
0.10535546521309289 0.12782884031949612
0.09697429748304592 0.12996971747798453
0.12278931738339252 0.13076218398881279
0.1307756215023561 0.1311318793223163
0.11417325025803178 0.13319343642036008
0.11615191043419897 0.13325158460473185
0.13246099750012952 0.13325223636271327
0.09525220127155049 0.13331828640279994
0.12005539709313624 0.1343757736451829
0.12726301033525747 0.13448109341162817
0.03051855188752958 0.13467534995122965
0.13403320222573445 0.13544230623747655
0.12125319421925695 0.13767139905927528
0.13218070189443737 0.13824931563162088
0.12013632751281815 0.13994063909485435
0.14061433572440912 0.1412361892010445
0.11818559083742317 0.14248793035750978
0.13999355693815124 0.14301642692016947
0.14181833953310724 0.1434110737418425
0.13829397599440987 0.1438577933293633
0.14490811531742237 0.1451821763945634
0.13950511165494656 0.1453267565922737
0.14537120730361153 0.14609466293715787
0.09187686166343015 0.14620499237990287
0.14208792581916443 0.14670199864910274
0.13192141745473723 0.1483977954949277
0.14080768892037693 0.14936442166867062
0.06575664514453437 0.14981149734499793
0.14619520833421423 0.14988005330129797
0.15017395334972194 0.15112438722544322
0.1499009588937767 0.15245541692027334
0.15204370921888985 0.15310063223178952
0.15239269545451106 0.15323276696343555
0.11460903152477987 0.1534990310215172
0.14287844795524388 0.1548320798239346
0.15207319326903548 0.15486374534005984
0.13462512553314998 0.15623393798533927
0.146738141901119 0.1562608235185017
0.15554467121835308 0.156934970866787
0.15701432995991527 0.15703205610185167
0.11261259619958777 0.15743880721928763
0.10972691817302813 0.15925051097088086
0.14326373902719672 0.1610839853014344
0.12393703706733358 0.16277713430660998
0.13741752055424333 0.16285007221500017
0.15982093363464042 0.16398107441683965
0.16375999206539113 0.16404387212630442
0.1426521941730694 0.16409589427358087
0.10494519828240696 0.16521110784085952
0.15230598921877453 0.1675606063035987
0.11912998444095438 0.16811802173599158
0.16634455261706657 0.16858125848581695
0.10437457659523561 0.17097097353875604
0.17208971160718095 0.1721615065495716
0.1728559469303684 0.17291188847757508
0.16280962559111425 0.17420242638442426
0.17449226209914823 0.1744963036833372
0.17437205988208593 0.17459519743846935
0.15513611530103816 0.17489190159565815
0.16569066072498267 0.17685520763757737
0.17626683950446964 0.17727900867392204
0.1750240480386317 0.1779255993154824
0.1487716296021222 0.1807803442702893
0.18218457132510896 0.18325794082435454
0.15292712358833568 0.18465444977460904
0.11664005222304825 0.18661561902593016
0.14876501468459946 0.18742359081126944
0.1840053149155083 0.18906595472051063
0.18482177739182526 0.19014492480980263
0.1758374142600499 0.190359893769114
0.13730557246535535 0.19083913788872203
0.07048726842231322 0.1915531933576444
0.155380391608815 0.19212009015686796
0.16532315145174303 0.19523772381409935
0.18579143326517175 0.19575188067526483
0.19087955520420385 0.19874150554779094
0.1993719356696959 0.19937683824757996
0.18965279459188322 0.1998079601882026
0.17303796280517242 0.20016465581806606
0.1821571034471775 0.20137802506197156
0.18859098138852376 0.20149954860273908
0.20126585611854175 0.2015958067309226
0.12547778395396297 0.20249719971110391
0.1940657607005068 0.20259959216215578
0.20453035262067978 0.20471431719629682
0.18579401833055165 0.20625494327813873
0.20716552735000332 0.20728938807820455
0.20773825920541664 0.20839173471279798
0.20109922135300995 0.20860614212930143
0.16278713098766104 0.20933719540763376
0.09936139952286416 0.21028946995819667
0.20413806805227877 0.2103236078963136
0.1749646295412497 0.21103790776007594
0.12704152815228423 0.21167499777826207
0.19733928071356202 0.21189855804214022
0.212050710059703 0.21209252822095426
0.1831784419957283 0.2143704420401269
0.12415836112710778 0.21467233862072857
0.20967016754721784 0.2178788599252428
0.12695346086864084 0.21860172453446677
0.2186953777967346 0.22074792928936854
0.22313478434347805 0.223867301502733
0.2074095959982217 0.22513326132160766
0.21924543297610505 0.22522812499681244
0.1623837421231836 0.22532958692178437
0.19875796309014893 0.22704625326524308
0.20797901513507916 0.22932306967798005
0.22865948083089563 0.229992542924899
0.14258414344434014 0.23048952956146612
0.19976188648251264 0.23184564938323324
0.1805181084094997 0.2323617160882632
0.23178849555261394 0.2335947813400334
0.23392746514591492 0.233929873472617
0.21722855385564366 0.2340689067843689
0.23427110558265812 0.23479187419228514
0.23659435543366106 0.2369827256795559
0.2044057684256412 0.2379542912383265
0.16030118197416487 0.23836291308746727
0.2006344000279672 0.23872124369211087
0.23759347321698085 0.23939232701920599
0.23642573753165325 0.2395158888473601
0.23965398638292046 0.23975400845866718
0.21178082715048438 0.2468328720583087
0.18028235652523084 0.25117844225404506
0.24692355908632685 0.25177729230470164
0.2600514419609746 0.2626929976153915
0.2623962752490698 0.26335505502640993
0.2593854593657379 0.26335678761193587
0.251198408891665 0.26379265491323833
0.21378791402031436 0.26406255862157235
0.16150992042157764 0.264304986431188
0.25690107253623684 0.27254223391345483
0.2648542855853971 0.277966279397253
0.27617235130689466 0.2783947450456544
0.08024251638545979 0.27970672589257906
0.27965375686641025 0.2820000088222653
0.18253109238022752 0.28211625885475455
0.25346412180533656 0.28212126275420646
0.15630158111037706 0.2846228899777801
0.286674153307284 0.2875390183328145
0.2843836993385546 0.2883044596290779
0.23791956391604718 0.28872172896572224
0.28449303418499994 0.29101853414065204
0.28427059881589023 0.2911568868556473
0.09513188323253527 0.2913876606825245
0.23994350200681328 0.29210219470742455
0.24413227781060604 0.29291741448809416
0.295884505007572 0.29594484315275577
0.23044882897707747 0.2963211739163551
0.11229137908132128 0.2965511002123553
0.2894149468181768 0.2990021459862491
0.095268534590468 0.3019330493231026
0.3036081392691165 0.3044698181238001
0.10471434213338338 0.30578090075709885
0.27018685838225376 0.3100934787133658
0.28652062390684824 0.3112261914840655
0.30232375949093415 0.31256941630155466
0.2772438744185408 0.3141437366913243
0.3110722322079543 0.317553427061898
0.24870914004136208 0.3191523205661381
0.316100471520438 0.32146746937028325
0.3079977057441213 0.32409114594512317
0.21352998727252406 0.324631514933986
0.09282261898112597 0.3250452430371605
0.11311556224773574 0.3263473929084142
0.3288007928788497 0.3288843623921047
0.25632165954394903 0.33079218039802954
0.29726697344725084 0.3335680231622674
0.09170490896895296 0.3375323949799175
0.13652836982152103 0.3390567177283592
0.2704096697525482 0.35127243236144806
0.35208799537586977 0.3537146217750884
0.31076032673645726 0.3579263271351835
0.35880711082541605 0.3595877083398387
0.2645295306051724 0.359603689230666
0.3581485919496719 0.36596879618654543
0.38627434890830703 0.386686565562815
0.1421787009733283 0.3881135384124283
0.14655986595890677 0.3913319209160229
0.10108787826982849 0.3936091100876022
0.1029284589295348 0.39567242555502014
0.18989830747916278 0.39802021705461016
0.4047578408154892 0.4055844136533384
0.4068126743954303 0.4156549704286663
0.1798500216761316 0.4273249053022241
0.11698828231615813 0.4382401591791481
0.12410452502520797 0.45281070456139966
0.11908817860416823 0.4711652653607414
0.4755059019212378 0.48225067630239593
0.2585210143358047 0.4868949971604616
0.19821995235447 0.4911549508486451
0.1825854853452956 0.510542450093983
3.0165017879611042 4.000000064185343
