2.1562688324392792e-05 2.1950074143901456e-05
0.0006150056803727707 0.0006621145323072356
0.0007282066803169757 0.0007338027840487685
0.0007574906825352752 0.0007715880092054398
0.0007130497372877525 0.0008262591121921345
0.0010394488482399573 0.0010396417586310098
0.0012075973017601589 0.001247285502530757
0.0012606852490721434 0.0012668370696089495
0.0009425297541789364 0.0013077965120061863
0.0009075140526849144 0.0013082679090284178
0.0013210671972209785 0.0013639273465959757
0.0013194740222829983 0.001461755894511447
0.0011951938708564568 0.0014747292292659035
0.0013478064907550883 0.0014747520234791006
0.0014660134551652355 0.0015300774545005582
0.0022791829203947078 0.0023720415386066034
0.002481342827466788 0.0025091871220790803
0.0030038127183955373 0.0030145514519994633
0.0029941547443354294 0.0030298452571704626
0.003377120330154448 0.003525080740395913
0.0036511556351702308 0.003730676952043482
0.003834441226277755 0.003843406850334119
0.0038991631993005203 0.0039497449743855495
0.004406360472688537 0.00443497187588585
0.003452558653284588 0.004735640213006312
0.004974676593691775 0.004983558503995844
0.005615158991325614 0.005928764138060462
0.0059009418643189825 0.006064701807058998
0.005598623944759278 0.006503796992812495
0.0066503956127487865 0.006651610000135766
0.006897860554781326 0.007110216931770424
0.007151748199342663 0.007289075609424728
0.006831880817809076 0.007553097581094215
0.008580210299499322 0.008731580735750612
0.007578735057600573 0.009268502143302654
0.009267652278330981 0.009400138409879081
0.009406688346339658 0.00959209736868289
0.009727430741576679 0.009930007705870648
0.010469475053443908 0.010585058708487222
0.008787290026920911 0.010648493618411158
0.010729641198566186 0.010741605556475348
0.00908901382436469 0.010989034482046505
0.009301413695688368 0.01121240256473325
0.011281510778483786 0.01128985477961546
0.011015213373374638 0.011517789386505196
0.008225764455065013 0.012133630307529293
0.011970094105409551 0.01220992565246823
0.011482753261781678 0.012443828173293885
0.009782847935532349 0.012707864785126359
0.011297088351137774 0.013042655056451434
0.012736153728894604 0.013280980204267592
0.013330065319425238 0.013740987557808722
0.013357797821132607 0.013881403729489676
0.013949607117228972 0.013971986934272878
0.013070444472558975 0.013998074056446578
0.013440420690985297 0.014282870689247738
0.014739718056285158 0.014763444094214945
0.014920614464564155 0.015337373400223434
0.01247936170367402 0.016091314186233677
0.01611016851666927 0.016112151576747422
0.016723935918410898 0.016825462093432407
0.013573422964788941 0.016827298426520577
0.016930354855140342 0.01694093109592895
0.017157353940944094 0.017175477533833108
0.013385116134218156 0.017350248604665258
0.016124705944060423 0.017366646153224443
0.017667291153786416 0.01797510013225199
0.016140456116986827 0.017997039054064308
0.018900494674035675 0.0189142856484537
0.01973627275100487 0.02002682100618928
0.017668025917776428 0.020459760226265642
0.02057792139176802 0.020583863047696924
0.020862750447355426 0.020878500461103074
0.021118438328731583 0.021331932228605025
0.011449082419574175 0.021608226988406025
0.02173480243901426 0.021744582701620295
0.02193924634401611 0.02214278109710908
0.022204590458840254 0.022205246649965354
0.02162910870482314 0.02237866229296824
0.015333464598790335 0.022459893086731846
0.02275890085681371 0.022807122754561485
0.020886341288840184 0.02332705530577127
0.023929536149768612 0.0242341935658379
0.025348274428758574 0.02553932000217292
0.024636459679239334 0.026163243422113912
0.016717299554939103 0.026264485969336816
0.026891152965835823 0.027279290172444473
0.026768383622385292 0.027345410533046236
0.023719764511602688 0.027517408903850606
0.019789430855638633 0.027572318103813834
0.02832118632171276 0.02833575875345419
0.026785266125385777 0.028336123954817393
0.027373792992397523 0.028409648666959837
0.026366880861939803 0.028818766137794164
0.022258384258654052 0.029057134327279487
0.027046074344942654 0.029575646411291772
0.030375743607039464 0.030467837393271385
0.03126631048778514 0.0312682748002848
0.028650632420836625 0.0314984121976342
0.03145816982764871 0.032051416136893704
0.03230932890178165 0.03464447108042843
0.034381920582994316 0.03487678931910247
0.034952602141819215 0.03510222582797464
0.033050207967520694 0.035239020179915224
0.0342723986874018 0.03533336792805232
0.03559350222582654 0.0356422918837098
0.03191873136547069 0.03583105493577702
0.03584287920058961 0.03639812605019343
0.027672841218449457 0.03687081496122462
0.031530659054399626 0.03693588713591401
0.037609584977495045 0.03768840654867917
0.03294572346660386 0.037792565189567216
0.035502045818135396 0.037869598202915244
0.03772052705866942 0.03809770248244084
0.038823578470182536 0.039048697820697385
0.03733703561096614 0.039062079590433514
0.03912868609795059 0.039158382826174766
0.034629278092889924 0.039193063776989036
0.029797198694078094 0.039264961976511546
0.035390134563046925 0.03936557138868817
0.038562075766541436 0.039484087895390305
0.040202507917176854 0.04080080030705632
0.041690116810465305 0.04169051098855664
0.04224259726924296 0.04231652317376536
0.04167994906220879 0.04277476899939854
0.02235637270332167 0.0431714020284367
0.04254081192903027 0.04346352533959098
0.03782276721786476 0.04373926401170865
0.042268145288850624 0.044429663775203014
0.04172141228478572 0.04453183589986854
0.04463723508573594 0.04572577682548873
0.04521349071357532 0.04600754561396179
0.045791378492750986 0.046840044368882734
0.034388262110935555 0.04739854505901096
0.03837015016187514 0.04783870132137793
0.04770078076002684 0.04797362908515854
0.04273091202247911 0.04876351992660548
0.048880860172544734 0.049061127292701456
0.04964634418295824 0.049647191719635206
0.049507883341948146 0.049796046992917
0.050410178630943506 0.05048037361172819
0.05026219165378493 0.05069170977915925
0.031207055335306606 0.05081621705771564
0.04612993397468219 0.05127283680628188
0.04659743876173559 0.05137525638507239
0.05149746561979075 0.051497757520130416
0.051173239399515805 0.051674202500309165
0.038589368323406335 0.05174449416683127
0.0485421914290565 0.05235850061871233
0.04822575142604636 0.05291497734300249
0.04058088231837483 0.053232318111754384
0.052962961834875415 0.0538216215091546
0.0540372225817475 0.05414560238995622
0.051628685456752 0.054792119810175115
0.04856376960422023 0.05523082380393552
0.05503195070963784 0.05532897221841809
0.0527402538892783 0.055941136361619154
0.045512833202186596 0.05605835603217708
0.05550648959602099 0.056593628251539047
0.05516730935991931 0.058349279531991496
0.056577720430226075 0.05841564839824699
0.054496742505024814 0.05870175001559216
0.030442677227654924 0.05883605622427182
0.038272883096644554 0.058962484058220216
0.05903999647982594 0.05920622520756504
0.05114344780072947 0.05933708886832617
0.05936268600750774 0.059368821859874486
0.049768561076348215 0.06010374029334454
0.0601271018745152 0.060354348463499186
0.06108689166757289 0.06125965840574156
0.05461409586095728 0.06134207989563277
0.06268545095878365 0.06350569524725849
0.05470613856448882 0.06392811682331506
0.059401152159417644 0.06430293047936453
0.06328398119584003 0.06693085799538115
0.06475921985624086 0.06754768143912587
0.06795693033523996 0.06797698951471942
0.06815327077523566 0.06874474327555961
0.05644240137195156 0.06886501598975467
0.06926454797149892 0.07006578729562044
0.06798616849913465 0.0704791091879857
0.06503614023197643 0.07049506139210476
0.07136866516732804 0.07192558858232272
0.06239909375278462 0.07241875947235035
0.06554071385927289 0.07278608779238455
0.06733995939201175 0.073351861958306
0.0716975205803174 0.07480325005169977
0.07251163192930368 0.07500303895008657
0.07262984503719241 0.07536849530771261
0.07299542607400611 0.0754808341733681
0.06884749677196388 0.0760434385059041
0.0760213165442596 0.0761543187494434
0.07508140546856376 0.07666256946817157
0.07447743472481064 0.07684656229266375
0.07391204528329322 0.07698703758448358
0.030507274582333436 0.07728893720331145
0.05733703151933842 0.07770941065451203
0.06498620013049536 0.07796096259910298
0.07176198611047124 0.07811402458866692
0.07550405631113317 0.07872380997147634
0.06060714419538639 0.0797316495779679
0.07546472273031207 0.08074852266410051
0.08090641100210264 0.0818558704039893
0.0821251298564985 0.08231779223296944
0.07884831360732426 0.08316289790679363
0.0699173631885722 0.08357504229015533
0.0660381246590808 0.08393134758861355
0.08159317749879604 0.08393575972197574
0.0821998930401778 0.08408385211242267
0.05424467263439373 0.08579887479948495
0.09011117300613528 0.09011348325107778
0.08665806735979856 0.09011548572286433
0.08821225791628592 0.0905256324024295
0.07495957049751217 0.09093650741020139
0.09000728917776167 0.09115368900036981
0.08972490267649982 0.09141185184834034
0.08870015842628884 0.09169678976152333
0.08540383622098863 0.09196888172520411
0.08521211481508188 0.09264734233938293
0.0903126691438994 0.09288124131132675
0.09277918283766154 0.09369381855284138
0.0915401357655722 0.09379684902790993
0.0903426141570572 0.09438548552566486
0.09095673035914961 0.09440109907437216
0.09022931195790637 0.09449816044067048
0.09366362842537716 0.09481600095667006
0.08307793415047844 0.09487968352654794
0.09206485993410737 0.0951900167954357
0.09557803131511097 0.09559352489335757
0.09575066291605928 0.09581438227746897
0.08902640631467479 0.09604530333386291
0.06347251219906701 0.09632348149290039
0.09176732223546483 0.09647774224795466
0.09073826560807935 0.09657360371068562
0.06942494617772198 0.09697879922810246
0.0899515378088894 0.09748602418137367
0.09705858654366319 0.0977533737158806
0.07130610095673742 0.09785062720363182
0.08482005432206521 0.09847927731841967
0.09378167384075223 0.09850468074054877
0.09869660826283999 0.09901227359536044
0.0905731855276527 0.09936435768573133
0.08022550126092377 0.10002072828791007
0.10068770669840202 0.10071314863421217
0.09181050728209876 0.10092478370002676
0.1003058393424334 0.10097202821204555
0.09830006696010406 0.10167142924615735
0.10047993264544196 0.10192695194057248
0.09602295625093929 0.10207572320692769
0.07952745817437899 0.102741303656359
0.10396173826257414 0.10396353511015165
0.08983875702897229 0.1045464234304879
0.09899955317409766 0.10455616465966268
0.04567974795275485 0.10559770211696907
0.09913214455959163 0.10684516583712104
0.10414950978720006 0.10692486614269782
0.10733537500482254 0.10825920949682534
0.1057614412152835 0.10912872696076543
0.10896715475022285 0.10951859043127384
0.09175847586563525 0.1096342841008549
0.10883812254119812 0.11005011902617819
0.10841473322629636 0.110352567753991
0.1103710106769805 0.11059125933155194
0.10557764410613205 0.11080794675238367
0.10947204395531807 0.11094722961875983
0.11352969201195168 0.11353254241746279
0.11385956616837783 0.11390583403684268
0.11457724267629621 0.1145799943910947
0.10127652318498226 0.11486287779637554
0.10166813770222895 0.11540758059964688
0.062093315932041974 0.11625087080091225
0.11493715289100512 0.11650154133889373
0.11723665315637945 0.1182126532088195
0.11585425742757899 0.11863526849910949
0.10163886468490116 0.11901685034420025
0.09993391868971416 0.12037318388073877
0.11501886568503694 0.12226091111822811
0.11596212154945228 0.12259167960767522
0.1185954356169572 0.12262271657422331
0.11853163365455892 0.12268934939682642
0.12282809668091668 0.12283304605293895
0.12224317783639559 0.12302515255950151
0.11732447736574077 0.12315195908791053
0.11550442618506593 0.12350802634433078
0.10976985691144757 0.1235415425439522
0.1121019261879394 0.12357490007060985
0.12348854516957986 0.12360969773124938
0.12107770153191352 0.12386160439140469
0.11356774548415892 0.12450033939588444
0.1201056845404765 0.12530533397321644
0.10672316142773372 0.12604899839043376
0.10002529584711704 0.1279037759225825
0.11333632945463948 0.12790969866870167
0.11196073857498715 0.12802402094053378
0.08019854230173634 0.12805248409347617
0.11940470533061523 0.12844748905868753
0.12010079782947426 0.12866474931607882
0.10586631381147402 0.13033499698475337
0.09335476074400938 0.13040000778305094
0.13017379579369792 0.13052108511224542
0.12557901605885846 0.1310133913343352
0.12522153452332835 0.13121717340207048
0.13119074402187866 0.13153450618928852
0.12933536040798377 0.1318887916216368
0.13201208690486574 0.13314688755165596
0.10450444913800495 0.1333004729066689
0.12568688538189357 0.13365165905843387
0.134440512611274 0.13444177833657742
0.13267074496901998 0.1344749157871211
0.13293894088791713 0.13468731184837884
0.09360993881455427 0.13487278550493417
0.08309711121921992 0.13506700861569437
0.09926418830095579 0.1353847038693702
0.11398374231052519 0.13561285275833496
0.06444434522868339 0.13661376321662205
0.1223070176627082 0.13672469511899996
0.11262946228277669 0.1371993836550299
0.12848478114949471 0.13720976655414344
0.0928921295475334 0.13795739728405687
0.13448710346481632 0.13862773160116942
0.13820148981777447 0.13869693169659816
0.09002548007757187 0.13959030991010907
0.13621654458082894 0.13968063231279912
0.1382779330412582 0.1402325401813844
0.1383286728296735 0.1404824385742922
0.1172450629979766 0.14315674752200408
0.13897047859719125 0.1437617661097633
0.14489630191760616 0.14493286681643197
0.13931964613630457 0.14567076863615283
0.12737633409109766 0.14643629626420046
0.14587822838746578 0.14648977610562366
0.14310066331415655 0.14670949164437713
0.10939257338734558 0.14681030918079654
0.13754718290251347 0.14972660786431558
0.12966756874531243 0.15077268727988677
0.10273731398785033 0.15078779401310086
0.1504985474833987 0.15252874385795448
0.09534681588630016 0.15350465893986728
0.12889635607363245 0.1538671218565397
0.1297581071850923 0.15393642115967948
0.1536493928282558 0.15432758162931756
0.15497237855847484 0.15537233507913398
0.1532404682029352 0.15734097762542082
0.06099976514352689 0.1598825123914949
0.10823974124624255 0.16104947149802565
0.1620743707461414 0.1625427487553393
0.16359095574610244 0.16392994388744236
0.10614119266777325 0.16577770738252742
0.13667796594300782 0.166272609344459
0.14459632885322957 0.16793408755958508
0.1694957157843336 0.16992565102016077
0.16037332034453208 0.17081601109510894
0.16616784686247496 0.17112191826047207
0.17199588794113924 0.1725031852406929
0.17288489091666798 0.17369064425282346
0.15820068894737643 0.17887899117826803
0.18002460025100808 0.1814978297119481
0.15144023216252553 0.1819291952474462
0.13152344241206124 0.18554864525683762
0.18388049633156786 0.18562810304783314
0.1642718776871496 0.18563445735667433
0.17062317378799516 0.1866149158299065
0.15699577648736962 0.18797086308848782
0.150220955345971 0.18814296580830153
0.18927485283042061 0.19073423206034254
0.17032462097055875 0.19105103315956026
0.10837119611552556 0.19180101485065637
0.18408714643477492 0.19263573160770633
0.13049045651306176 0.19268871257309478
0.18891816823383467 0.1927905863550862
0.16100214127973184 0.19287311470718155
0.16970368517842038 0.1943474028074238
0.1328259358344228 0.1967113688746597
0.12081320365591253 0.1972776570820245
0.0827486342441647 0.1985631596073076
0.19574129551804856 0.2017180862504873
0.2017911304427323 0.2037137314405981
0.20226302461562445 0.20520771044904051
0.20559823396566873 0.20560523220076019
0.20566237893076283 0.20599633611877308
0.14564412390617212 0.206225086217102
0.11718005496955942 0.2065807954217774
0.19138679611394727 0.20756539039502916
0.20226656894252834 0.2105548495198184
0.2098366041578372 0.2123853700683498
0.2104999957804768 0.21259515859475656
0.2061314281899916 0.21281703715026246
0.18418683425570165 0.2178148886485776
0.21670466925330506 0.218710138687254
0.21878545492955542 0.21930167861456112
0.051589801313070824 0.22127138885478545
0.21876130856786433 0.2221733438663857
0.18068566024169283 0.22343423224296297
0.12060708358049917 0.22589913950636836
0.15847368149260335 0.22677226097704667
0.17209399626165747 0.22762709886921745
0.2301490469187713 0.23084104136481332
0.23110010291083705 0.23110143077127318
0.22819778044762876 0.23138846478875738
0.12462114224951498 0.23229771579545053
0.2046666562397405 0.23413074574565532
0.06850109397471042 0.24126211932123026
0.20824133614528348 0.24375339288616038
0.13395711286717857 0.2444619229064636
0.2167293702779874 0.2459889299595255
0.08468207671639173 0.2491273592193394
0.20650303097358144 0.25561100144209875
0.2562195082811112 0.25720415062764185
0.22204805552746926 0.2573042206650995
0.2580508391387926 0.2586270292571592
0.2240178267103611 0.26292808808401386
0.2618972613077426 0.26549813161031405
0.2085992346184038 0.2659886856984102
0.2679876404940298 0.2680835050890068
0.2636532185516258 0.26863440763682417
0.26008934907531117 0.271584960812434
0.2719778211121326 0.2732239039919408
0.272940156835027 0.2737182432419424
0.2216740339341776 0.27385612209140026
0.24744023064563808 0.27605131040204867
0.17948001018195964 0.2788024394402777
0.12888355578380944 0.2807817332124377
0.09462616042323169 0.28080663172679593
0.2804606937898831 0.2817839076397598
0.27865878735344884 0.28366650185973363
0.20155238268909076 0.2840231368726673
0.22944252876090873 0.28585215416208304
0.24859849348654348 0.2861450625907923
0.286996462174668 0.2870712362805477
0.281396378059628 0.2878689331176271
0.12242513542937963 0.28790775048945977
0.2556865717395471 0.28929203645321927
0.29593873900825535 0.29628006574396515
0.29629516135025047 0.29652326433413984
0.2279855901545787 0.29958129420120017
0.2378603637364864 0.30068321581878515
0.30309413996369755 0.3031725351919275
0.10064286214681246 0.30329653107281557
0.30484882761697524 0.30508252283095094
0.14292004136168301 0.3059337990240066
0.31056899246723335 0.3111173651191408
0.3128776741297908 0.31304078028306037
0.21603650803700905 0.3139869852862734
0.3093148691904293 0.31466343662466056
0.29651843321573135 0.31828717850011806
0.18105324234213477 0.31976796303509597
0.31212044555903096 0.32077429398703705
0.10242606103278774 0.32115248694150833
0.2968794479656395 0.3261669157313327
0.22100906104885595 0.3302544987433849
0.3220939021681175 0.3328862045913909
0.2876538140629854 0.3349499296629061
0.3360801789165684 0.3363219344327344
0.34174905838436814 0.343269295231075
0.25443294803269595 0.34669230302781917
0.34869946611457125 0.34894111911027287
0.3520355362665942 0.3534179280048352
0.3467520972516849 0.3565343303501378
0.34007806479906366 0.3598159817619082
0.3604810705473936 0.3617875039327534
0.10758363930684231 0.36389814470724396
0.35540674000774536 0.36424942175365954
0.35760009780702484 0.36559675945474684
0.2818589838363347 0.3713815997550234
0.2723219222719349 0.3750401086007493
0.32904473113771104 0.3762077601291465
0.2414503136424029 0.3969063548105597
0.3932355349361524 0.39796221808499904
0.40342204409443594 0.4035405655166847
0.4027998750482581 0.4035421732910535
0.2601401864360556 0.40483578354284827
0.4050115288356848 0.4060115045506636
0.3976500672589784 0.41566725026658763
0.41605790455503694 0.41902840536158714
0.41803347043979866 0.4226482807230836
0.4241097394769896 0.4241290974650452
0.3796787336619032 0.42735745665337194
0.3569009601232949 0.42762531171919
0.33948216155572175 0.43256389157324554
0.09931979026525155 0.4527774412509913
0.4558028494869615 0.4597462529846871
0.20276736104831355 0.46271210090227116
0.12477999732976415 0.4636504773042334
0.15657195692812736 0.46678949824135196
0.2044318464906429 0.47768741354954697
0.47040923898961984 0.4854919656941087
0.3232249245107033 0.4885105142337775
0.3322540030102536 0.4962838839546485
0.508153223529437 0.5091885379141946
0.49195208810126767 0.5213782962466537
0.18371954551314532 0.5275499419775455
0.25703085171145057 0.5295908937752
0.1575528063155048 0.5462650859063403
0.5765323098228037 0.5765324849415585
0.5544752752292329 0.5790697725923779
0.5801588819809272 0.5815440114666162
0.3075555112748214 0.5864394589988485
0.11080634549375383 0.5875616957143425
0.17982443516815516 0.5947604653308007
0.552866218282261 0.625420574443676
0.14138933600143788 0.7827228155171443
0.1829499830241098 0.801148825735443
0.9044380428584549 0.9051093966370377
2.1883481583697826 4.0000004006878
