0.00092420883346021 0.0009698274671528825
0.0008722424537615279 0.0010284485468838435
0.0013398402418642113 0.0014524309165765497
0.0018289081317551658 0.0018922527167107943
0.0027756761922872533 0.0027756971335317717
0.002738288344901859 0.0032256644889395304
0.00306794281952933 0.00324890181989947
0.003544532034368325 0.0035475896331607247
0.0035980657774925665 0.003700493165608825
0.00404581648926642 0.0040770957798421945
0.003556177488575341 0.004143953219096603
0.00373104074759671 0.004363453686183897
0.004406311062734224 0.004406312923656688
0.004188581292647948 0.004730282307564341
0.004684348472695459 0.0049236794399012485
0.0050863107095877255 0.005223907430876139
0.005193127693239739 0.0053615537307069045
0.005550512659910074 0.005816714262168622
0.005698387330036245 0.005850324780997882
0.004294837016994345 0.005890461882761838
0.005999705256465877 0.006003739820250962
0.005911273302015869 0.006167458437058159
0.0037152002548908893 0.006194743434116459
0.005559108559099907 0.006261828181328894
0.00489451267083778 0.006407501246504437
0.006364164723296175 0.006600105943253163
0.007205547809029621 0.007213161448470701
0.006592734385793044 0.007221455817656878
0.006115719682282969 0.007426931763385336
0.005566106857891365 0.00743212466367625
0.007398255811392206 0.007762180962713722
0.006277428234840571 0.007856943055861711
0.007892769002026413 0.007893151215033646
0.007726111641162284 0.008139763211834667
0.008697668331436991 0.00870785818060924
0.00875898755574058 0.008761062865758474
0.009102285690851671 0.009542944081265808
0.009822226208394853 0.009846617683013507
0.006367616506888291 0.009863319304741592
0.010227123428993552 0.010236807589163559
0.012409571908523358 0.012768095180648534
0.0109696941956608 0.012826179213057485
0.012842630316482643 0.01288931472619298
0.013104541471773945 0.013329191990006015
0.013219028395110351 0.01344678067177434
0.012135338646525029 0.013655739554351924
0.012521634267936378 0.013751474998293588
0.013869151265351497 0.014000674512299846
0.013825943840705141 0.014160177803471915
0.014010363567202588 0.014600207266886142
0.014266030192332057 0.014620663857444276
0.013816094358379648 0.014755376595856178
0.014953234481268613 0.01501799708324985
0.009184001792362688 0.015189467494261135
0.014046524193094321 0.015613298198268477
0.015680681523126405 0.015863818662253906
0.015848927333377925 0.016202964979923344
0.01659073984438264 0.016689009226258385
0.016593524567752933 0.017367262182617683
0.017557703348132874 0.01759920224752084
0.018096407070481393 0.018172608305403265
0.017027971847161795 0.018336544838761185
0.01892485211447947 0.01892486108117
0.01930157273785794 0.019453843768210046
0.02001146899378551 0.020171800348464018
0.018816240316590908 0.020678710921343203
0.019640177146347002 0.020848073369414123
0.018941998970463177 0.020934289861736066
0.020933968025479418 0.020939258733082552
0.021113096695617676 0.02135724900133958
0.023120563033089764 0.023251491020453513
0.02324093437782172 0.02369268307128914
0.025504480060339795 0.02551001737748162
0.024937608095736388 0.026170074909703335
0.020884042125309376 0.026270258045945794
0.0250888140402468 0.026328074002583003
0.022563877456922468 0.02643659198424455
0.025331091520103516 0.027137277921298233
0.027984175249848146 0.028066366421719516
0.027735068962658066 0.028478989619478073
0.023036141341678595 0.029055578828320213
0.029448847057334693 0.02968090525079549
0.026540678917257574 0.03030961762910252
0.028932620131946318 0.03048575593985517
0.02867012677109216 0.03106388970083034
0.03131336933015081 0.0319492613481442
0.029761911186557424 0.032033092723112166
0.02532706281462167 0.03204352415828751
0.03067970648521922 0.03320400320919032
0.03312856089896219 0.033238351482602194
0.03376899044175589 0.03384612843560879
0.03172424954773591 0.03413612848092096
0.03403936289445843 0.03456645586879624
0.034552482977200004 0.03481508103401987
0.03454916214989176 0.035017555596015375
0.03507718219576079 0.035082469160791906
0.03437508216458186 0.035354340162226494
0.03478165178402748 0.03557534684344635
0.033363673291489204 0.0358121905105808
0.03429982820783583 0.03595784011563641
0.034230803106957704 0.036022270988735644
0.028946902423296686 0.036071594903100385
0.03626839460637014 0.03640489062260048
0.024612720334391717 0.03680164636928556
0.03355063484904558 0.036940161399938484
0.03595404834397089 0.037807026464702985
0.03718535747975124 0.0381271243402131
0.03724957722895405 0.03848796100442915
0.03914815526686458 0.03916743114728776
0.032818374039488646 0.03969592685336437
0.03758738583079106 0.03986503236399353
0.035864290379741905 0.04057492704232331
0.03790751377665561 0.040661502579684095
0.031809908486170255 0.041370812547576324
0.03261911022494801 0.042042148179598726
0.037283040597109525 0.04242570808877279
0.03740689730161306 0.04352293759683933
0.04284718023994099 0.0440037622678952
0.0435903742094593 0.04428311134166022
0.03609152412450007 0.04458414791208136
0.03647622179545191 0.04460470741892719
0.04495880779695622 0.044973145211353656
0.04432537398882969 0.0451913046133174
0.0373609366487945 0.04534200916964469
0.04394327163977463 0.04604133234235558
0.0363859994449847 0.04607208016147915
0.04724926023249726 0.04751304451250903
0.0459270900203084 0.04827864539795967
0.04631707918294825 0.04897312458972836
0.048024583729402104 0.0490427286567356
0.026600347290219588 0.0490517188927038
0.044809504589094495 0.04922241396982346
0.04857544805088298 0.05005305961991121
0.04982802568566629 0.05012323104273879
0.05001983302541521 0.05021286705433142
0.03172888208163268 0.05088325254950173
0.043147113064263165 0.05091543528103978
0.04408808895746916 0.051260000749496194
0.04558246139967707 0.05204364856736185
0.038728003774737445 0.05220821798575205
0.052628548615761675 0.0527265344018895
0.028642173697791953 0.052759666858147036
0.05272188258874446 0.0527676517869455
0.042758685007587116 0.05305963171022601
0.04522351342695265 0.053138492328794466
0.05353650082952049 0.05354357455912579
0.04805294596724436 0.05384973046968244
0.05466121555375036 0.05479906557614881
0.054298334847831274 0.0550393893882291
0.054987895974912895 0.05511748693635141
0.05335015663278719 0.05517959283643728
0.055408558130087195 0.0554206750096363
0.04842862987061827 0.05546755734411705
0.04985659878111554 0.05562445205204225
0.04940812687881969 0.0557897462747922
0.05245448979301019 0.05605564533882801
0.04539891095257195 0.05898698370465836
0.05606646977598131 0.05899139556904897
0.05301384382589801 0.05924729087694498
0.02929243288372386 0.05977991510243232
0.05633421866128844 0.059829159476704454
0.052023741090573214 0.05989616653168258
0.05767334062956328 0.060669961447508094
0.05455038311541939 0.06121821661474342
0.06082635418231684 0.06121889375626046
0.05827943547905052 0.06137821768468332
0.03310041798967526 0.061674432897640914
0.0632911142891909 0.0633072396818958
0.05897776061111333 0.06337880076917274
0.06073138460652273 0.0635353626306694
0.061478703761575625 0.06391919999860243
0.06356125853749262 0.06438750230143893
0.05574460472937131 0.06443313740829235
0.06380665041256278 0.0649438223783684
0.06286474726409842 0.06505278363736001
0.06517608758704518 0.06517720561413312
0.06437722181188384 0.06523911867359779
0.059697786231588265 0.0654172884509147
0.06442482839592578 0.06577063008715642
0.06624548113430823 0.06625432951533099
0.06522361508700161 0.06634861562948063
0.05957391378515626 0.0665523279495544
0.06313388421613449 0.06724141704194904
0.06718740359466382 0.0672522318192723
0.06232905909194176 0.06756236421481983
0.04570599523229095 0.06850459333853386
0.0619455943037628 0.06865887957177329
0.0679959015490187 0.06885879065568123
0.06897058753479351 0.06905977444149754
0.06921874265890109 0.06930080289183334
0.06650692452888515 0.07017305139879525
0.04703259139400796 0.07025607110111654
0.0676190897851212 0.07034206456029654
0.0702446167090731 0.07105332694302997
0.07038297897946931 0.07112129451400477
0.06127761851316824 0.07122157530536104
0.07087303101790149 0.07132200935201309
0.057090585135080335 0.07156819822151703
0.06088889323197204 0.07202876975528741
0.06975411181630316 0.07272324634421139
0.05708308242990644 0.0730306374461588
0.07097015311627604 0.07344218783654734
0.07306659017081463 0.07405333330653172
0.06655572537600622 0.07473756447709859
0.04283804854483098 0.07511555325700853
0.0752904186266064 0.07547017934192207
0.06462348434395701 0.07657797329082226
0.05675185504957926 0.07666166340852981
0.07041725010065754 0.07731505312700694
0.07443357357324511 0.07740729969225973
0.07753858706616779 0.07778675168739665
0.06285032767606659 0.07780339620428804
0.07796699697959295 0.07798323257729456
0.04297387519415779 0.07840262850072335
0.06752863360502431 0.07848940504903734
0.07181564005553974 0.0784987577300749
0.06907942116533947 0.07952863368220059
0.08006946976426318 0.08016099924227423
0.05909993300397174 0.08087432862843999
0.05245118039496103 0.08126696800337273
0.08218977499761819 0.08287887802382521
0.08324068250419346 0.08344231602856439
0.042386858593739966 0.08558091366381336
0.08296156892714171 0.08566352582703333
0.08649521972336263 0.0867997177240078
0.08544537931066082 0.0870307447660947
0.0863023208063344 0.08707717744531919
0.07306704580844557 0.0871529208065283
0.08303276659287409 0.08893416639016584
0.08846357322461804 0.08911499062460829
0.05943490618768539 0.08912280381267869
0.08076796210373674 0.08935751822815792
0.07210068082393534 0.09001264613589484
0.08874827517502591 0.09051645853547276
0.08563949905944714 0.09084629394534666
0.08358743514319868 0.09110188406258031
0.08228945914563729 0.09112140738760957
0.09065075980098786 0.09156175420352014
0.09242057933507872 0.09274928362629953
0.07037363232628711 0.09286920018735402
0.09446696174685101 0.09481780510690581
0.051376078083811894 0.09529908512886967
0.09347804602486574 0.09715796375391106
0.0868946211594177 0.09853861194859076
0.09866815258973982 0.09880736042130693
0.09636340211602926 0.10011097887515402
0.08668226710616077 0.10218337389749349
0.10055409989081847 0.10266922927610966
0.08208332615263048 0.10332806653069157
0.1031444539003856 0.10369708216223736
0.09093742636393093 0.10371722454452065
0.09829597547988048 0.10448028933195092
0.09710308708518753 0.10500023568745201
0.08675578651074518 0.10509307321706234
0.0935832279913709 0.10519442246331659
0.10637193763661487 0.10638503234872523
0.10646578181209185 0.10651835585606366
0.0746212568462014 0.10672365476175051
0.09938949043037255 0.10763971295773349
0.08290220049072265 0.10799188882981109
0.1037918855383138 0.108102121352917
0.10872634028603022 0.1087574614685943
0.10791634342838007 0.10911747167366873
0.04634567414747693 0.1091254142480664
0.09999713839749086 0.10997510691009063
0.1115002582612694 0.11212051734222382
0.10331898428845013 0.11218552361328274
0.04500335184467895 0.11222388807830337
0.11060174129861058 0.11291710243438344
0.1105728475290988 0.11307440088874737
0.10056283886268544 0.11364865046571702
0.10489391896858341 0.11433861478852171
0.0686236514213905 0.11493293154462203
0.09632291184455055 0.11669358637166857
0.109056585014285 0.11910615422068024
0.1188039891212147 0.12035089071400747
0.12058354490571296 0.12067695458516636
0.12081698095951926 0.12115500976315567
0.11239600251667538 0.12133551697321325
0.08826231897474043 0.12184674654620123
0.12268477131741558 0.12268801118420422
0.1216818725904286 0.12343371508150128
0.12162692731006722 0.12363941605219426
0.11933359546782366 0.12482670262624132
0.12427278234212387 0.12485301525772231
0.12487954260896346 0.12499338779979262
0.12021820123186223 0.12666413363822787
0.10771023478824315 0.12679461906006517
0.1083323377344013 0.1284863360365454
0.11598413150978804 0.12864418742034087
0.10578678336267855 0.1296874933243314
0.129820295623263 0.12986356972681323
0.12175663566431245 0.13014362302912044
0.06495662756787346 0.1305932750038895
0.10744050070921621 0.13429385400634236
0.1319290306724806 0.13491602329633967
0.13412053324886636 0.13495802455124295
0.12995947381026812 0.13562730043184482
0.11784116600992126 0.13612269694455056
0.04944281782953969 0.13635994268727816
0.12108872985058242 0.13673747390665303
0.06546741766038289 0.1373311237691766
0.1366760535904729 0.1373842763236852
0.13253815077023834 0.13759843687821405
0.13760892633265973 0.14071265788980153
0.13115642384360765 0.1407517651405533
0.0925261648991636 0.14084904887816785
0.14067350353173336 0.14119533750201188
0.1414726466714636 0.14175941806132614
0.111936974809518 0.14254095413463705
0.1429768900339763 0.1435798316139602
0.11159312256640962 0.14370145341517668
0.141477509488262 0.1438179291976366
0.14133351054746246 0.14815696638883274
0.13360436366717723 0.14849096121639077
0.13332675073620046 0.14995389305486476
0.15107228288364655 0.1513944507281221
0.13496913257588802 0.1516840976779303
0.1522086434116164 0.15232683304280467
0.15469572330165585 0.15493230205483294
0.14448464485100515 0.15512547403382268
0.12967129380351716 0.1563817958971496
0.11464802482550339 0.15748792197866615
0.15068980203769397 0.15809290447707858
0.15747199073197587 0.15829693877170425
0.15776370750560448 0.15842212771571032
0.03387628244323976 0.15930069972348035
0.16045627248523775 0.16045809549363302
0.14206775770608643 0.16104747056165494
0.07649924429813046 0.16146654303469155
0.16212910889210172 0.16213159601318547
0.11954469299268272 0.16310685055737842
0.13877395488710967 0.16403065980148535
0.13259262257007204 0.16597724412469658
0.1636455519127663 0.16671240528020853
0.04600802739197504 0.16908108328832056
0.1490847882870803 0.16919178706846755
0.13421268585880772 0.1711942493633946
0.17143663154743569 0.17144698737914374
0.16357931916709986 0.17225119378504397
0.168991196621154 0.1724548841786372
0.1555360559598103 0.1729367082397544
0.166781966104848 0.17486584380999443
0.1633046743531249 0.1777478571262009
0.1696318448388631 0.17879194499634954
0.1502704371193947 0.17901129078306108
0.1794456299611973 0.182057694656435
0.16281160170841474 0.1832479196356324
0.17523711140145673 0.18523685714982632
0.16221800775684272 0.18528032551305587
0.18553455174230862 0.18556047807157658
0.1124614285471696 0.18619792341366187
0.17475634004459495 0.1879024235777559
0.18761886920993676 0.18834003403688254
0.1603695759101979 0.18847124964913975
0.14579314419241887 0.19006522865898387
0.189521604610616 0.1904018519105558
0.19064637435644416 0.1909498219291062
0.19107452202604025 0.19220705618241654
0.17847333044580377 0.19289764242638885
0.17427831215444897 0.19343997177879013
0.15354972512982396 0.1937459817185354
0.1733644529977853 0.19408757844041363
0.1453250715006847 0.19436518853935222
0.11267930338863529 0.19442844908644183
0.19362239647666213 0.19473101298164616
0.18556386303414818 0.19486735465570637
0.1891638221125859 0.19580437949838916
0.18079648964866069 0.19732271438167767
0.13832544135178573 0.1978405992977856
0.19800327213793406 0.1980270654996946
0.19256157954407388 0.19830976230896802
0.1973542830147568 0.19944238981573795
0.1744650960994703 0.20051998555171113
0.14036687453608357 0.20062156466770656
0.18920402552579954 0.20181160917716418
0.19536608836625038 0.2065677543368189
0.1473885118539538 0.20849963602769156
0.20419745441273382 0.2086852426343826
0.1505017422561261 0.20888977287962562
0.1490649253120702 0.20920488660412406
0.209001370742043 0.21193785937469636
0.19833856988553272 0.21213891418245995
0.20952618769565948 0.21223563019840017
0.20529641490018644 0.21268645469202602
0.21360206381691998 0.21362623962612007
0.19246992919174857 0.21388880423394668
0.10786393115363999 0.21536725143432955
0.08817860629206545 0.21551894023681628
0.13117686047863852 0.2162417554578747
0.1974730697765969 0.21704427645639918
0.2139599168589416 0.21741804270233783
0.1914591143872743 0.21753079040570658
0.15294911772204597 0.21769798605846113
0.1355172970659467 0.21774061185877105
0.20432951511106942 0.2199258347583348
0.15599767826591993 0.2202631309350011
0.128776010974319 0.2239556184281698
0.21495093484886713 0.22600308137537745
0.14624296412009946 0.22692345050593782
0.21604578456899481 0.22697672555846604
0.17128155094597738 0.22723901481753794
0.17302722502519846 0.22852013853976708
0.18702765309722885 0.22863412899430516
0.22461661306193875 0.22974881373990896
0.1151076719465888 0.230628834040725
0.20629574558318883 0.23297055554042267
0.22376464451091665 0.23912785424145933
0.23725982738986334 0.23964552095495953
0.22420252907647736 0.24019430211509848
0.23491464567028456 0.24172535133969447
0.1197066889004477 0.24455006499866816
0.24483982260437825 0.24521450463729352
0.24309668887471705 0.24580924944777544
0.2250217134668951 0.24632000766090803
0.17065586274624034 0.24842731122748274
0.24573842510186356 0.2508826104105303
0.24372149023624062 0.2528792695130404
0.24111856359000694 0.25432765068028884
0.25564168782893903 0.2564942684712233
0.25671799136220647 0.25682929853435515
0.22233760698063798 0.25815054819469957
0.24543817392597336 0.2591594108979155
0.17953388149565597 0.26024858257033995
0.19999911356762 0.2620966001726624
0.24607508707246606 0.26416676542667766
0.26586451046009346 0.26763343727540906
0.14598144536307164 0.26830523551838764
0.23551572003607624 0.2686831104098572
0.12561180942228836 0.2688036189324972
0.0685322314621965 0.27208915015713736
0.2652219324358861 0.27719720546211307
0.2738176700227038 0.2782009463312378
0.06361848260228231 0.28041126141608175
0.2794650967207173 0.28091823084614714
0.23560675219392507 0.28129704874199707
0.15155872425021738 0.284371301331949
0.2347393818715919 0.28594858740669676
0.2777247353001083 0.288342144120188
0.1965001982113483 0.2913980740747549
0.2931699674670598 0.29317276570593226
0.2881154105269366 0.2933965314915277
0.2907544675974716 0.2948590594880663
0.13664627108009103 0.2965784548335573
0.12977988336148186 0.3020052829655292
0.11214358061849912 0.3021551808976722
0.07516078097419607 0.3030613582623603
0.2977713391723451 0.30381755402027344
0.11796851582792033 0.3050973721425152
0.29080918237757647 0.30715018448952985
0.2924171729344881 0.3086141036491815
0.24315805979471203 0.309300529622911
0.2786948584929011 0.30943259205377494
0.27368364009393786 0.31276265877924037
0.30886670226274504 0.31301511264118204
0.28387583924013476 0.31724102804152543
0.3220041164255991 0.3285448210627297
0.3287845215426563 0.3292452131913144
0.23712666678096075 0.330136041898348
0.1674882571571482 0.33386810115788523
0.22145341861738158 0.3358764853567526
0.1597100560215469 0.3405342957634635
0.15346741663652477 0.34404214386844684
0.23167330579494178 0.3514675013075668
0.12448149228264574 0.3531715089938451
0.34080626859213153 0.364342508793645
0.3651968708098288 0.37098727988757707
0.30373942059461256 0.37665669514584577
0.1939388800555805 0.38358309219803116
0.32999254997759453 0.3857425868357228
0.39121841990998907 0.39122513995192715
0.3669866834765083 0.39254075099230573
0.1759978989858304 0.39703865291117374
0.4014294778765014 0.403385415912508
0.40227024934528177 0.40346000751303457
0.13712237435055646 0.41060425348393925
0.35500097078710924 0.4112765219827535
0.05978988643535132 0.430505443390614
0.4279341976686257 0.43482469175938443
0.09196910803969269 0.44158627160943165
0.1446070127825387 0.4926652119692316
0.46673215284132247 0.5281299351746579
0.1270100390996954 0.5893612886291408
2.929217447710513 4.000001025609325
