5.95017394000286e-05 6.014663928629724e-05
0.00027126271998264873 0.0002812052124522481
0.0007466970159156488 0.0007932161434976229
0.0005820764081584378 0.0007969052550266578
0.0011019737810566313 0.0011821048789062958
0.0016214364554593401 0.0016419899845673044
0.002826553907715199 0.0028591969771707693
0.0029343479342742204 0.003042651294460454
0.0025052143343709684 0.0030926607362871126
0.002735131312490542 0.0032457174003693735
0.0031041532819951006 0.003601872710431439
0.003958255144924094 0.003958270137401573
0.003925224606496031 0.004172923807118955
0.00413924245924622 0.004225362248320937
0.004128976933054467 0.004296668364222293
0.0035605876672049246 0.004300141000207542
0.003847022338670618 0.004515163851330793
0.004332420413794674 0.004543900801609054
0.004545636197282928 0.004601529296678508
0.004576819671500324 0.004626982625443926
0.0042268253869707055 0.004678442568668363
0.003917129433338487 0.004783222748377275
0.0035598277551326524 0.005024625365591294
0.00445270532248463 0.005108499716289612
0.005149913201437705 0.0054250246923786
0.0057042952696779725 0.00571739468458203
0.005523840049615267 0.005790391822207767
0.005831425900731226 0.005832813664081221
0.0040953817732687844 0.006272605896507699
0.005994438703320005 0.006308786489867908
0.00647983834714649 0.006592835732930784
0.006171448192928853 0.00659499642102924
0.0066542448407032675 0.006935473402228028
0.006989677196561453 0.007037838459973349
0.007060012725740196 0.007074279909541041
0.004024469198195403 0.00724720885057376
0.00680787206582316 0.007249464168230139
0.007353363298095916 0.007607510879319019
0.007551424595064511 0.008329303882606305
0.008377927312733645 0.008414573395482544
0.008944567580584291 0.009173173286486121
0.00878841799628974 0.009217740752709173
0.005016504782226056 0.009623830937235277
0.009597478759611394 0.009674495184313969
0.009059325768078124 0.010047808244957279
0.010204409555301594 0.010205618007919219
0.010337503744272857 0.010578233989314146
0.010741968439417502 0.01081699805498918
0.010585840183803538 0.010856266236010837
0.010868559305856932 0.010878529673450973
0.007803085921363912 0.011205942380700763
0.010733329837939546 0.011424994769340996
0.009939384036228438 0.011584623100872682
0.009683592858424512 0.011830755381984158
0.011574219755242886 0.012589825702108624
0.011348714462361577 0.012699396911216168
0.011644521161603007 0.014482108044805037
0.007747396245525566 0.015544385253719472
0.015516237233126359 0.015573897253937161
0.01566524798132634 0.016062708601568616
0.01495318978915036 0.016079919455436843
0.004643769223691292 0.01696306298732078
0.013091189937095614 0.016971021997864155
0.013202205641239202 0.017068601876497263
0.014664157245250317 0.017899498661349243
0.012445644226251627 0.01858037982274165
0.020814206283618956 0.021535020614480437
0.02138304243194076 0.021590870853430873
0.01933928100270132 0.021642652545103603
0.021513882779435826 0.021960058519178732
0.022420197267877685 0.02245747617931805
0.0230690491654649 0.024153473902486965
0.02038097603804274 0.02536312204256054
0.025736138766975877 0.02587660506155086
0.021611133142258904 0.026031801277771625
0.0266415332121978 0.027171345087987537
0.02641641678979482 0.027529839548255098
0.027108603683651238 0.02775517023819426
0.026230940003850414 0.028278450841067705
0.028709814344493323 0.028745322373962753
0.028836257776684627 0.028854604099025263
0.028457582714023395 0.028866837774559465
0.016266080435673846 0.028881905919214697
0.028971487968662824 0.02897320173693825
0.029115016668700006 0.02911538506173528
0.02540901343244377 0.029714885895031812
0.03016729438167401 0.030238626438194728
0.030224045244345583 0.030277099651431185
0.03073387429439247 0.03091646996862743
0.0245901302309392 0.03117712560842138
0.01488723172058056 0.03130207605244029
0.03164309761791842 0.031712355602528566
0.03249303063150118 0.033112294892637444
0.02704349085652789 0.033207514495441154
0.03036202706936384 0.03324931577979965
0.033388810163891926 0.03344385697203753
0.0213583101395253 0.03396610078617931
0.029549471706148172 0.034242588201480566
0.03215251314201964 0.03426637663287474
0.034788878193133914 0.034947010317939724
0.03271721877275758 0.035029662674509875
0.03566043906626337 0.035717026482249524
0.03434714257265923 0.035728857163814264
0.02664292777648763 0.036168280282302734
0.03504520549283437 0.036255784395817815
0.03682526115236691 0.03705423571748021
0.02970764164858539 0.0374654105303554
0.03601665468969396 0.0376023828480679
0.03953189174189816 0.039608316002030367
0.03439152567245761 0.03964875800369932
0.0367831137057906 0.039670353279662215
0.03752496142608726 0.04093583201674538
0.03491846259703252 0.04149337942865826
0.03767712171900734 0.041789536105609086
0.033439231347186175 0.0428969547456578
0.04265526007320817 0.043130300993486526
0.04011789320628169 0.043715860933435186
0.033343044351602145 0.043798819679774684
0.04167916387366248 0.044968182389923006
0.047121126200175174 0.04991259938070636
0.04980456826920573 0.05028662151427106
0.0424447312178263 0.05135688913433423
0.051760560239780984 0.05205795941579271
0.04936819226303558 0.05268226799882428
0.05243104374413126 0.053165958958588985
0.054726299970305314 0.05472782249308058
0.04416689313965399 0.05530735246793162
0.05411034540159425 0.05550715837484703
0.05123339011934248 0.056478604684828494
0.05412489732160718 0.057244872295235213
0.046037619771519975 0.057760798641431195
0.05791844434298732 0.05844509489337239
0.059225790613570334 0.05922755650958931
0.057508445509267474 0.059926552311283174
0.05949280152241854 0.06018253274550007
0.046777089592007486 0.060744096719177305
0.05883368063343855 0.061922688903528166
0.06101549984272467 0.06200935181981963
0.045616660331783326 0.062373214098779724
0.061205395425488564 0.06299423175149059
0.05851747125741495 0.06300268858845127
0.05394155064622506 0.06415406677787078
0.053398120674828055 0.06514552668497571
0.06436384401508825 0.06526981002267981
0.06540939219929126 0.06545045768075292
0.05677132825121566 0.06616894657135279
0.06497450491012924 0.06665927715618476
0.06674818738085336 0.06733820474001806
0.06737478467665642 0.06776001211605324
0.062183541181108234 0.06777340776767309
0.05540024370644302 0.06839706098680787
0.07077859121099578 0.07078669394581104
0.06858388071538529 0.07205945963504978
0.07035559653272705 0.07254433005176555
0.06531695518263239 0.07309640045660905
0.039025192662558945 0.07352658453756247
0.07365377083629748 0.07370351956076251
0.07322444640320942 0.07444736952022578
0.054997516611477275 0.07486402884415456
0.075204036357707 0.07546862164137541
0.07581479669242273 0.07587196868616602
0.0640289049560115 0.07608840756528105
0.05111520545621258 0.07690153480361983
0.03819341420989768 0.07833257974871036
0.07813552058261956 0.07854629942983946
0.07837465872199874 0.07882709900045871
0.07832045668005241 0.07887012753632355
0.07694445587097302 0.07893905943373775
0.07211867975759244 0.07907345730911479
0.07899884697451094 0.07926720161280458
0.04465389305396485 0.07984410144549772
0.07518665731543436 0.08010665354660004
0.07541563567330524 0.08035282705376408
0.07904141185592231 0.08038389489935102
0.07935374416042972 0.0806939364721481
0.08248753719108769 0.08311360168901402
0.08381833813638571 0.08575504920753182
0.0721321732666289 0.08639229469006408
0.07775491152448127 0.08753077247236847
0.08794896271890994 0.08843393413054008
0.07546634363233191 0.08913655977418859
0.07195833914376452 0.08937584903493327
0.06415517182755107 0.09057198914566257
0.09086372538778942 0.0909407052291129
0.09166977146637793 0.09170022801440436
0.09149865230364027 0.09447009744009062
0.0876696878075614 0.09539773219096677
0.08482211531339692 0.09586774419870764
0.07630646488607823 0.09936701914907847
0.09362092769019062 0.09977257568069253
0.09742517001654404 0.10034593782412671
0.09792891148993096 0.10050506059717369
0.0933359991798793 0.10054593270605897
0.10016747253602175 0.10171499576888336
0.09510067907006674 0.1043166213048551
0.07579878744939678 0.10444036517745642
0.09175497769443676 0.10478615462575747
0.09524782017335781 0.10574985960409453
0.10270861555687506 0.105803009825254
0.08383259296828777 0.10589258720041263
0.08451578340843309 0.10590615749764175
0.1061085986754235 0.10613398055447197
0.10497981311846658 0.1069014498404923
0.10692134421676687 0.10698959413889274
0.10133441163194766 0.1072795320900618
0.10335731832972285 0.10763008741152638
0.09884827035902986 0.10818012319332092
0.08845548048855843 0.10940532013197736
0.1068384874356955 0.10955397258170907
0.10213900851633884 0.11124652436222106
0.10231128003714751 0.11247614079475564
0.06876564302808515 0.11263462756401277
0.09497254992185392 0.11415697004444568
0.07551853532992567 0.1143418741006509
0.11371016798447803 0.1152516767413928
0.1048585921705378 0.11552347304231042
0.10802160426677146 0.1158067615784541
0.09449685415773013 0.11597162821497375
0.11390288114558364 0.11640419393601201
0.11694778430580814 0.11697674263403923
0.10632309172821483 0.1182675296424766
0.11073560161252269 0.11934656930149874
0.08930539597764234 0.12034478646816271
0.11889855904430166 0.1208638460832886
0.10360166397983273 0.1214666161544585
0.12157698400323982 0.12199528035251772
0.12192478866632962 0.12278953309155097
0.12119922502111835 0.12383042234376478
0.11374516793597522 0.1242152345708578
0.1228144082226893 0.12454591428304963
0.12490362178414564 0.12492537115093509
0.11073623486654915 0.127451661168815
0.12051371147233839 0.12750676575771727
0.12384087618723856 0.1278107911052651
0.12043682325720259 0.12871760260771592
0.12930512720029902 0.1293201064022392
0.0900973081217172 0.12962121274095148
0.12785700062436187 0.13091747611239896
0.08163803113113047 0.13133517828711816
0.10645411915398244 0.13189256910550307
0.1209423241036285 0.13279962388469096
0.1229417999398019 0.1328206368215834
0.10704762000855017 0.132904777625533
0.08182489190854719 0.13394584500040596
0.10964717246961268 0.13464914321845284
0.11812109168096721 0.13712008167066111
0.13006772328560884 0.138849860886244
0.06550035424052192 0.13977030522350767
0.13749520000875448 0.1402243584073222
0.09689881948465094 0.1403002891508741
0.1415770638959367 0.14185896580139334
0.14224056763231377 0.142245216469858
0.14225648317351716 0.14501980926387115
0.10939302950551644 0.14518735711570332
0.14566741793026533 0.14641415292023788
0.11724761063689396 0.14643952298157578
0.13972645929966548 0.1467143991934334
0.1335783988999788 0.147721767878589
0.1389986408705751 0.14822963202908468
0.14422933616522152 0.14884704278265382
0.1494887646537958 0.14948883746679428
0.13985762719868927 0.14949980343243716
0.12978432722177186 0.1503758105224292
0.14453349078422123 0.15081677032616225
0.15090164818384574 0.15096712998840048
0.1384620317038123 0.15190867051904902
0.15303411763740296 0.15374230923768312
0.14181127260171233 0.1543217649975127
0.14539924255609132 0.1555682277267584
0.04525186108600848 0.15679730686973567
0.15469837082055746 0.1578310817132715
0.141031649342499 0.1586175021146114
0.1552707683653374 0.15968855074225133
0.1577154325098739 0.16085153743042907
0.13296397472589808 0.1615641296958628
0.13255541374203716 0.16165041218146162
0.1054957280973573 0.16168944979936364
0.13564065363499103 0.16205336125924455
0.15823189276906827 0.16230289738024875
0.16099503926576497 0.1647471919572677
0.1658182420070484 0.16585516914069726
0.15625090201496813 0.16586007046105333
0.1345480271272776 0.16593192140747182
0.15881166486243017 0.16629487142406546
0.15146974138782796 0.167371165009194
0.16765804423692482 0.16775878325126256
0.10754788171380569 0.16794146691678416
0.05756897693210709 0.1684499597690181
0.1607776409140003 0.17104761518762646
0.12508175185013135 0.1713143912531633
0.17212956120625794 0.1730124722187118
0.10010117111479047 0.1732105253354542
0.12011366303390017 0.17371124779062821
0.1701597275022402 0.17478723371459998
0.1686522051236914 0.17484982785099995
0.17486403182107738 0.1749271067288976
0.13816975437944834 0.1750935700084508
0.1133565213920004 0.1759421360575478
0.17833020403937355 0.17858201456549364
0.1804919978331704 0.18105077565794542
0.14851569064916761 0.18131841168775417
0.17671240892759743 0.18194091762709538
0.18438700215643625 0.1844390595892846
0.1864620949576561 0.18850141794243505
0.15570388980856048 0.18892440241726147
0.1605709823019349 0.19080686135468633
0.13226296422010414 0.192170756220131
0.16684182578280066 0.19582570790972764
0.18290205856570238 0.19597174417221622
0.08866359953160814 0.19884105760352397
0.1905223401627844 0.1988822104570553
0.20310900427269832 0.20334834691632495
0.1817768647821277 0.20401735347609015
0.2039377433670514 0.20755463872262378
0.20921056416079087 0.21077273100411514
0.1136211885113833 0.21157866672940887
0.21759784070642677 0.217631094807109
0.19668389407009979 0.22398764998811027
0.18428909411821903 0.2243125424408994
0.1594470879741482 0.22746498951095562
0.22840942188634036 0.2284717348334834
0.22818753885315302 0.23442585078685593
0.23595265507204957 0.23780635264298264
0.21679863194363258 0.24006566936472815
0.24142033226704873 0.24187465400619482
0.18142545972653457 0.2473870059506591
0.20389121457056117 0.24780734686281966
0.22788880190792032 0.24810801820833916
0.24332620446727496 0.2483807280491219
0.22220323679677234 0.2493234594082487
0.22650369557821934 0.24988378685946044
0.2120213417519209 0.2506610679806912
0.24824032168948654 0.25363224232703835
0.2548890901755888 0.2548892352066731
0.23025852583378972 0.2558047221533709
0.1551788868381281 0.2567039024988468
0.24534451661886744 0.25786643003094956
0.24897487361884593 0.2584970930125402
0.17426609422879585 0.25884832791367074
0.2398591193677899 0.2605144077154598
0.2609988375616786 0.26104367366170517
0.20479401228583766 0.2612552155433481
0.21450469808213124 0.2614752354800555
0.2544911557901919 0.2665968791052328
0.2634282648336941 0.2680967698411705
0.10172321575126245 0.2696972436682957
0.25741326459656816 0.27327914668750625
0.20996652236377533 0.273687048817073
0.27569622925077014 0.2793784846282319
0.27636680004837555 0.2811726947713659
0.28315218593444136 0.2881660350284889
0.27665187795873475 0.2897313152139845
0.29065271758830113 0.29065863866551456
0.2886614593178015 0.29314146182422296
0.2923759259231417 0.2945483134739636
0.2949029318894286 0.2964277739931939
0.21698044362727648 0.2984175963193356
0.25887431045527987 0.2994503670478937
0.29853654136516516 0.2997830760331437
0.2824734478584454 0.3007137123869015
0.252511698674475 0.30350643578437253
0.20070268345427994 0.30445274447425025
0.2245648005393714 0.30626707721484214
0.1714369737832188 0.3071337557334476
0.2988740293353404 0.3076666222902931
0.26504217787175044 0.30877012863877157
0.30900629566800825 0.30946009572835
0.29665046095554837 0.31059438614521284
0.11286153564339796 0.3188513065261951
0.31921794810667914 0.31946071782630714
0.192548793550526 0.3221916288192572
0.17555152345020134 0.3226240523322023
0.12409578875552729 0.325015987486873
0.3271231685171633 0.33097488099323336
0.21493137226177497 0.3312325735491746
0.3314521185240793 0.33761763721618865
0.1997690833498304 0.34182368301854166
0.33090344984020875 0.3459523693178163
0.34749438091535284 0.34800086397802593
0.3432737525064295 0.34832006065600174
0.34962549913838237 0.3522698056518131
0.18998207130971734 0.3523120732905543
0.13315485123999796 0.3565008461069315
0.348309393263407 0.35742178388383383
0.09558649325215841 0.3580746014015849
0.0992598222018243 0.36026605410390555
0.13542880477357366 0.3625263072846573
0.3052869879896082 0.363293500898048
0.2403325955107649 0.36709997435419756
0.36283346099577507 0.3691439678343792
0.36548826714077853 0.3695690295378942
0.3708077359782232 0.3715027090292615
0.37651064427316877 0.3826564053674121
0.383144179685388 0.38318287920963917
0.07978516213925718 0.38529889943001744
0.253843901401424 0.3882002043097579
0.3783068841791961 0.3899105532652808
0.17756723534864804 0.39151501120938814
0.3971122643416737 0.4015345185167489
0.2842180469178805 0.40218585795473527
0.19314923072653495 0.40410323183652763
0.12346320710295094 0.4045465530258736
0.38955085171217463 0.40629844892872574
0.4073764094982917 0.4169166048059794
0.3985308159291563 0.41947038880964765
0.2682727982373011 0.4204801553115114
0.42261324117474697 0.4227024376579365
0.4070072530929373 0.4256651655665465
0.1547030479994284 0.42954734519614934
0.3017658777892981 0.4299541056219336
0.43749974315763557 0.4482138264873962
0.44784231678949715 0.4484594828158793
0.3999582001501288 0.4501692568694168
0.4510036896664603 0.451784851574432
0.38551273351522447 0.45328115788035195
0.1287224337531901 0.4565662323650862
0.4454565718973067 0.4576583381649044
0.3379687329455604 0.4627288552710564
0.2568901185626935 0.46819582099624696
0.13693378259100794 0.46966295404734537
0.2686305333768772 0.47009016921351454
0.4829007211632719 0.48482323230357294
0.21518486189455338 0.49001547583090826
0.47770164137451004 0.5055712719447747
0.5114642887646025 0.5114773433131079
0.4967228749517949 0.5140342920372383
0.5223775900524631 0.5232546960631441
0.5237221646581557 0.5291380745101483
0.3920217518084631 0.5293784084060934
0.2914837466643913 0.5298709469379832
0.5350263803909614 0.5351768057231612
0.5442821088316787 0.5442846753238259
0.542383988453087 0.5457087946136038
0.5235542142307966 0.5488685629978632
0.19029668025003782 0.5575116292335849
0.1715392015906217 0.5587233339583049
0.5498986682690107 0.5680911196279388
0.4553445429812779 0.5712540879714013
0.5475488605195113 0.5761250315383665
0.5736096866963364 0.5788318103074281
0.5228185133749692 0.5973861890692265
0.5138379942128868 0.5983464837117007
0.33863133436504417 0.6027713275000061
0.19213531964651773 0.6139595436470726
0.1970071343795368 0.6161763378563179
0.1818154265113578 0.6237176435181102
0.11717175767823691 0.6249953216865337
0.6116066208810265 0.6279555820007932
0.17126892990237952 0.6305885508051013
0.35284821936867755 0.6382568166645802
0.12482863616260995 0.6868172405884054
0.10256973329823932 0.7181892365534742
0.7464992003090083 0.7557010238012926
1.314360692329218 4.000000313516259
