0.0006029437309097265 0.0006776925533032772
0.0017110141540832588 0.0019145930740056274
0.0018269583391030196 0.002093368960363849
0.002148519149764991 0.0021488918841848963
0.0022772115489815264 0.002286878108683528
0.002978552985184375 0.003246933250728429
0.0034669507815001215 0.0035402587024139878
0.004361977825787532 0.0045098834182172335
0.004879862593078661 0.004890395519309052
0.00497205346880006 0.005789361626047308
0.005402995386806898 0.005823539077609584
0.005006474620313403 0.0058408607629873745
0.005876100295556707 0.006102558629553929
0.006577251694825842 0.0068816932468115126
0.0067584377248994425 0.006985949709682851
0.007271355637643596 0.008078737570652094
0.007263866922058219 0.008082394810967066
0.008453501280042425 0.00856095768551255
0.009063480423032249 0.009325400412690307
0.009182278513962363 0.009500470945492685
0.00808577044432147 0.00967070158649494
0.009704624977055204 0.010082176223411303
0.010181981284210382 0.010215789566863623
0.010143458660484812 0.010743483350241632
0.010476573961173234 0.010751288064742893
0.009767358379198737 0.010826121472878873
0.009399221878494145 0.01113877032479986
0.011030304208948813 0.01115691669384217
0.010329064625662552 0.011335364710921593
0.00910585053849904 0.01161537440821099
0.011374270234784569 0.011640612099164732
0.011238860758008298 0.011679282237673248
0.010783943063680851 0.012010201311260217
0.012583560749721277 0.012704047730189726
0.011552693062461645 0.012757212405049985
0.012325355225557732 0.01286376044660331
0.01252343985492735 0.012876228087268227
0.012727508098336993 0.012890078363299804
0.013411055290947892 0.01344570143268585
0.01297409261407591 0.013541995873218896
0.013384637222953456 0.013557017590414416
0.012277523449612388 0.013690853256060011
0.011122123389625708 0.013986360972791663
0.01342008822465791 0.013997295937003803
0.014365865965262951 0.014467790401637206
0.014889684449330478 0.015214377681794301
0.015435036123736513 0.015513785051844314
0.015136902362492785 0.015816430003378314
0.015251947085821177 0.015854701175441258
0.015344336459649109 0.016602661757479188
0.01426063244931415 0.016652137301096118
0.016438062386098247 0.016708184006118412
0.014894853234816624 0.016870340842062438
0.011732172432211627 0.017358162540608037
0.015664805943491237 0.017446988540892782
0.016547331686962874 0.017767980258300443
0.017052670377608225 0.017830801538107937
0.017981139047418167 0.018216472390348952
0.017768023299866962 0.018324498872845464
0.018504431304778673 0.018504564452587996
0.01726208937053253 0.01862735805530137
0.017402386884184468 0.019102561538146524
0.014587890508963395 0.01922904991312286
0.01827130156559125 0.01987911223596317
0.02069555869406711 0.020799144806985984
0.01900135661657656 0.021331922922169642
0.020864890494489006 0.021904619944502924
0.022339770107191702 0.022606867756813424
0.019710655100615117 0.022631985242200028
0.01892793229171468 0.022914318030511464
0.02073875768530853 0.02400724344412212
0.020563605153456614 0.024231788825553702
0.021196790582051178 0.024308382290808377
0.02241081177061084 0.024448127887715786
0.023658574855651614 0.02453458984033389
0.021816910284543935 0.02472226207422453
0.02497817027738856 0.024985496646176747
0.023069394198494204 0.025446330225483652
0.02398968676338831 0.025785476480862154
0.02584782342040324 0.026091106554449323
0.025897059686054397 0.026126238378131383
0.024749097305032042 0.02640789291382138
0.026036540716115886 0.026654743414083377
0.02673671314206145 0.0267375687110318
0.020264692383640037 0.026853453053919524
0.027108127022494988 0.027121865538773066
0.026763073294479814 0.02713426307454479
0.027024161188128337 0.027337801942534424
0.02475293494934619 0.02744902910485888
0.02162510866613457 0.027660842672042826
0.027785811482679335 0.027817892902669474
0.028629769817825057 0.028631052134095912
0.02349522183259182 0.028748133146043336
0.026547093238070783 0.02889346201268212
0.02868872426462659 0.029031083967203185
0.0291839521938169 0.029493256664109745
0.024436069882090582 0.03004383031800946
0.021223985388147917 0.030098316704995215
0.029971133077467467 0.03053517163837843
0.030591358554332322 0.03077715942862639
0.02548203171751477 0.031150371489667095
0.031125919520690694 0.031211135531262688
0.01770465127044986 0.031472786055075426
0.03018337747707912 0.03147519319655824
0.028242959833242137 0.03154588481283414
0.026500485322068588 0.03155768651152764
0.03209802330124652 0.03210488200089001
0.017616600847407824 0.03220999409841281
0.030079574322619037 0.032298395501963346
0.031185853656648933 0.03229882223456582
0.031508452714954734 0.032371731088428
0.03286974980083483 0.03287664714049569
0.0329806175395583 0.033006769734361736
0.032897302703196143 0.03318859612778141
0.03291314587823729 0.03384166555958202
0.02704493723330891 0.03392411004282869
0.03134813195374024 0.034229021872482626
0.030695814163757836 0.0342696359577423
0.028479249552985295 0.03433678993227898
0.026437884926508993 0.034377046968181876
0.034322568003287465 0.034514695731270174
0.017240994750005484 0.03476151071170837
0.03500217536336157 0.035015987467846815
0.03305296924931147 0.03540810787493113
0.031119746167006534 0.03559419119240956
0.029777856142617864 0.03693760628142527
0.03761721729729852 0.03793294188963146
0.03672968421428647 0.03799867738617932
0.03697362356299105 0.038014194804860894
0.03826093558899701 0.038836136731880654
0.03887406906955318 0.03979937570714828
0.038847709092173215 0.040274451644939896
0.04035583902620895 0.040385510932750404
0.030188612069269795 0.04067959083035265
0.03946399189175782 0.041151027253556495
0.03656044470633343 0.04150603717668943
0.04140595158916152 0.041888127763917565
0.04029648871544129 0.041938829441456195
0.04199755677120064 0.04241560682296753
0.04059617702909362 0.04293401739978627
0.04301618831560318 0.043091179467848226
0.03735286090292606 0.04367628273471323
0.04206689303272994 0.04400164020086068
0.04413269520657499 0.04421135573850372
0.04431103345356263 0.04454495771902204
0.037209989681627725 0.04460865647545998
0.02299517622893167 0.044825306939522004
0.04412087250465797 0.046571712441557625
0.04667683416293707 0.046832487530145066
0.04203044518850775 0.04686496855500012
0.04646701502143913 0.047091578250996906
0.027350101113949154 0.04713322609874356
0.044153425781857596 0.04717513181180718
0.04723966117107856 0.04743438678663679
0.04750469052304468 0.047726467526594096
0.0446662659750394 0.048036623898682476
0.047167796770621634 0.04875754602056826
0.04908653929647251 0.04908696684992698
0.04864528815627354 0.04981590780460992
0.04972432939988967 0.04994347693735866
0.047568532012747404 0.05057299565361346
0.033973162050276756 0.05065700959865971
0.05029229850629923 0.05069259828784949
0.049327612029070024 0.050868699463872
0.04532009780958012 0.051246193356614365
0.050322451792123656 0.05287571531570147
0.038341406365747 0.053043902652840515
0.0500548592456276 0.05321507839170138
0.05425222851379025 0.054493246952482075
0.021555030205742506 0.05487136976842346
0.05484071718671623 0.05570839695355754
0.0537180497178992 0.05574378434129663
0.05471180245509195 0.055959839381866334
0.05292281182577306 0.0561523676426209
0.05493496624709476 0.05617169362965329
0.04095637191576607 0.05625191348086103
0.04704628687273128 0.05634952302688617
0.05533973376051117 0.0566026854462719
0.044325680254460015 0.056734739601088054
0.05443371800278631 0.05709856029125145
0.054208702408828635 0.057760877921002526
0.05610663128729261 0.05786237921525522
0.053982788427993214 0.05787924299618777
0.05774572678033906 0.05809271185408144
0.055446728148524554 0.058867641002092894
0.05631912961646219 0.05899478982202846
0.053231178143266104 0.059182887306462574
0.05964821935273793 0.059700215848132475
0.05777189647332438 0.05971675259012014
0.042951356957028695 0.06054429073945431
0.06105094690001586 0.061521108511534944
0.060638743440474964 0.061934095124732656
0.0609307660632613 0.062223061105900285
0.05307498911201335 0.06289172917541327
0.06260699568152248 0.06375370723120084
0.06040333872135587 0.06448172897051761
0.06210772643295254 0.06454629279429708
0.06258642452500321 0.06476320071901182
0.05999287106501123 0.06580264924054686
0.06630057804921831 0.06645671911232183
0.06228090511276449 0.06745576692636826
0.050718296754079524 0.0675713520236201
0.06612516987262626 0.06763596190049019
0.06757820375568084 0.06797770099443075
0.06711108689624189 0.06812310743621026
0.06466870557026796 0.06872689516260824
0.030224199676562362 0.06901223014824052
0.041742413538964455 0.06902263394595036
0.06853609697624007 0.0692298747996081
0.06515449293666851 0.06984098663891594
0.06958444454089563 0.0701216296475848
0.06660239226671541 0.07021359262748318
0.054317697889348204 0.0704387609184089
0.0699700249606455 0.07045048162052034
0.04910374081981802 0.07084458307070857
0.06493638636572585 0.07153503700087394
0.06619318376565368 0.07155014764690154
0.07110484586759024 0.07169777954742375
0.0731577718868063 0.07348496379323771
0.06036833372658964 0.0736065750360325
0.06026435958264753 0.07363220455250814
0.06786926565714489 0.07408768310783313
0.05694994141966636 0.07453571004623881
0.07423579337334998 0.07478442058806421
0.07207784930126006 0.07515068788096571
0.07291010452138219 0.07523221402272258
0.06900753319907246 0.0755918094462416
0.06438021164044304 0.07615538176503446
0.07554856379184549 0.07736971270918692
0.073541023583378 0.07797672456413725
0.07934708638453948 0.07938814723893922
0.07356009114769899 0.08013641104902319
0.057235989475522275 0.08030141161256736
0.08144935744737453 0.08174766638196626
0.08279248044362557 0.08297882973649946
0.08322764017049619 0.08330549151597233
0.053343578252361565 0.083924406858229
0.08421779802683407 0.08445972332075652
0.07708970935100773 0.08456089735689516
0.02099866532853293 0.08520640397198814
0.05854692811909429 0.08541171066786768
0.0635245961961702 0.08621071976782485
0.08341964214921924 0.0886070389526211
0.08855715539924579 0.09026562096593099
0.09037603362720038 0.09042261303901386
0.09061671546701709 0.09111223360872944
0.08612199739899279 0.0937703031712121
0.08194339015154936 0.09598781380420728
0.08712896775287793 0.09603414325849664
0.09215543557924957 0.09766648467479144
0.07761865940430009 0.09879804723579791
0.09885554799291366 0.09923955199918044
0.08946053887223562 0.09950595034265271
0.09499978999428538 0.09960080413753859
0.09013680915527354 0.10023315010947287
0.08972842084526542 0.1003343728984669
0.09450751813323721 0.10043976541753606
0.08582356534290603 0.10068617256018139
0.09638566801793505 0.10085244161576946
0.10401974120606042 0.10404978719957568
0.049740014806366466 0.10453854857477646
0.10451380877780195 0.1050274001480022
0.10443544938660256 0.1050576651664145
0.06747316279124368 0.10514743588644102
0.07037432524427992 0.1059064305267602
0.10227065826309027 0.10720547630739038
0.1074481775205322 0.10746829804437405
0.11099665965602926 0.11101784729120152
0.11188651794113447 0.11208918162633648
0.10864149252854567 0.11225507073872412
0.11227340081685241 0.11232906256403663
0.11369397622865388 0.11369833899375259
0.11130373528558753 0.1139366451743012
0.11306793115410287 0.1139461593577716
0.0839326850783151 0.11459369564702909
0.11353685079288048 0.11483506182397528
0.10434088745084968 0.11484045557717085
0.11331292599423465 0.1154483238103579
0.11177217817861769 0.11599457773972345
0.10071904942171851 0.11637976051254482
0.11669119308438458 0.11672721626587725
0.11672324151973623 0.11684031711013079
0.11004535219774064 0.1175514093168341
0.08676103053732961 0.11762973521673459
0.09679659572462923 0.11767138601594321
0.11487009670543528 0.11798708501691488
0.11990207733661158 0.11991604399143094
0.11733134887318625 0.12060277509617716
0.10419863818842826 0.1209354489349166
0.11361911130682117 0.12162092490878651
0.0969013746820149 0.12201107020725105
0.0775170237564151 0.12303578421910163
0.12233667374600378 0.12332496509224365
0.12445496503243612 0.12449513603371827
0.1202243008229747 0.12565241018160328
0.10735417449528456 0.12577128193617892
0.12355059009235543 0.12829707393572118
0.12817529682961804 0.13092790222072315
0.13093575060026943 0.13115467046395138
0.1305780730073963 0.1312433406698707
0.13121501017527132 0.13129492970407317
0.12791630749006802 0.13168734753386213
0.04975173043257574 0.13203394048141265
0.10096199753323921 0.1324131413090471
0.13263244764457055 0.13302547939906517
0.13350477582553227 0.13358848149977545
0.1252172303741142 0.1336525295309065
0.1306442838015698 0.13421960996182056
0.13370200827797107 0.13450455708399112
0.12075700530536236 0.13476672070216114
0.11747727222048447 0.13492829196819972
0.1349204206299715 0.13494361722527465
0.11668315072892886 0.13728977754004035
0.13706963677765696 0.13871367752283606
0.13686269308674837 0.13875428818894422
0.11383618660897954 0.13909917315360787
0.13913969709439453 0.13953512475372484
0.08398701862186458 0.13955346476827402
0.10819220586449187 0.14016230029804422
0.1299146096033288 0.14036005258564233
0.1077945173009364 0.1405963320003065
0.14662353097282274 0.14705708687365385
0.1470185677409348 0.14711986241384073
0.1270193415645758 0.1474207660016608
0.14329777926670229 0.14774602586862381
0.14494162547058945 0.1478050281718015
0.13793603798478074 0.1479215140356411
0.1414414439693905 0.14831416662440036
0.134870161992614 0.1492653276464646
0.11844416536977584 0.14935728536971787
0.14674246548747358 0.14966782770260167
0.14800298496339168 0.14996692257108835
0.15064428996510898 0.1506452558044863
0.15108998046455405 0.1510936201007739
0.14738135103310823 0.15307881105161517
0.15236199061669436 0.15560883953576343
0.12116840168159451 0.1564745125305844
0.15504515642005223 0.15649880251525952
0.15663609421573152 0.15665399471740857
0.15326299223234327 0.15677707733403856
0.1515165711513154 0.1575709295220879
0.13125120682424662 0.15927812348251302
0.04128847552720405 0.15974802500173718
0.14543001690077234 0.1608435413976839
0.16191333201616306 0.16217902719415914
0.1615065502766433 0.16261238109375065
0.1429056492265382 0.16269412758141044
0.16222990714246066 0.1631219152710944
0.1619052300542268 0.16436096540191744
0.15924731949941287 0.16641647572042256
0.1446938861603316 0.16935675095041688
0.16922529369007838 0.16947682668311956
0.045966336934204065 0.16974235906630966
0.17123350950926527 0.17123984736274242
0.10354166348737895 0.17241726317655345
0.09797100763835223 0.17489310512752956
0.17423372624050676 0.1752112624115812
0.1757997686369987 0.1760402844184208
0.11315177098279093 0.17614059106122723
0.11930826580583373 0.17617031387896068
0.17602219000710595 0.17620278183191823
0.17580667594751948 0.1762436325985635
0.17205926638024593 0.1769646428961652
0.14222556841974154 0.17788093524095477
0.17490153107089818 0.17933668397013305
0.1753154681180517 0.17950772863723577
0.17772934056618733 0.17982186362724262
0.15548819352053656 0.180370101226675
0.15093024190296617 0.18062996012309263
0.17903608408523625 0.18118846539581027
0.17320487034156734 0.18176854890365554
0.10620085499391643 0.1834791508264242
0.17320524331025144 0.18401976870006534
0.18307641475680697 0.1871259192724691
0.1875883237164731 0.1876778369496525
0.18812648186732303 0.1884547006559593
0.15472500183376778 0.19115845321516392
0.1861290573577321 0.1924006925583914
0.16257984020789346 0.1927300141051304
0.14791137400482543 0.1935950390388541
0.19346097051476385 0.1936736090648608
0.17654732903258463 0.19555470539594638
0.19384462951985654 0.1964850563438457
0.19657719524419226 0.19775879531650264
0.1304961646966139 0.19968908458844406
0.17739225410517023 0.2005849198922761
0.16804298852860688 0.20373031848115178
0.1916740483970621 0.21107518602370468
0.13354944912290678 0.21204455319905985
0.21199885421413658 0.2126277006126667
0.21381627403626585 0.21381631538573415
0.20332542961225947 0.2143250084205088
0.21426115219172398 0.2145230919414705
0.11294797514712243 0.21471421934129914
0.21165799592565301 0.2147912372160893
0.21287486553296633 0.21521014898928195
0.21595658378028781 0.21664673405311335
0.1267849359414851 0.21666609689941513
0.21871164395527282 0.21892686684493792
0.2119320846339936 0.21894709163615494
0.20003565412297014 0.22055066344835392
0.22285230651982096 0.2229567050133898
0.20836539400098533 0.22530673345577523
0.22073864743125957 0.22573906338130986
0.16853868155880947 0.2258889543787852
0.1927754879033721 0.22610474190840357
0.22936350440401063 0.22953662489228158
0.22960435619296424 0.23492468213236845
0.23629801711842865 0.2362985557826584
0.1113278781258986 0.2366760071430465
0.2213441357420071 0.2379734700339603
0.2313487920595442 0.23860219752017334
0.23428854554181558 0.23894876641529963
0.1405315603511859 0.2398030911225528
0.16608505129244305 0.23988350247859486
0.2391415024605964 0.2404457285602306
0.2311986168603961 0.24145952552945413
0.24258044153944772 0.24261923165386914
0.15157747485942855 0.24601761926455326
0.15255875325307977 0.2500647255854653
0.22378537504950208 0.250652562490877
0.23011178798665652 0.25497750228090854
0.2513138992383673 0.25500169735160594
0.24503679842277956 0.2553265719710376
0.2101856482264798 0.2561554529114822
0.2550741211086623 0.25689348114414357
0.22705628042404213 0.258559051324452
0.1273286086395082 0.26081997718442135
0.25837875672106025 0.2625217336258909
0.2206553302740583 0.2637224021999385
0.14935910269958663 0.2652302364092728
0.2595882432444393 0.26956542559133667
0.20044058227356687 0.2698308284580139
0.19667250997773694 0.2698863042071681
0.26947295652049774 0.26989284363132904
0.27011156645782836 0.27011289288204104
0.21846018217649055 0.27169551069205206
0.2694867500019458 0.27386698930424785
0.2729339576132809 0.27418370513292506
0.2680516723704117 0.28026056326929005
0.07993587911657614 0.28437151737314187
0.26721183226379047 0.28678014993661255
0.2858622217700476 0.2870087423094443
0.2875535708835539 0.2875610816571309
0.1901305477101262 0.2885573826304954
0.1439622611732403 0.2921908839061495
0.2426177839730055 0.29256776210847096
0.18267815213899313 0.2939042061035465
0.18879030192898652 0.29461906373642816
0.13459203729415625 0.2952506252153574
0.25726626273207653 0.30395969845917886
0.17612723109736902 0.3041313225246169
0.31005656742675997 0.3104881113714972
0.3064704874191439 0.3151044609392707
0.31397675638111056 0.31516705142947754
0.14137705871333603 0.321336335550929
0.2914252545840973 0.3217685965257272
0.31437703550561574 0.3224767094858794
0.3231147167588038 0.32317014105031777
0.21808963738970724 0.3275892817369802
0.1224408862706374 0.32831179892833945
0.12674375999709594 0.3324412678527825
0.3003362192012924 0.33406458600867767
0.33030576028577796 0.33855054972002324
0.10294845671837588 0.34095709048467826
0.30156163938459657 0.34167593286818904
0.35066209294188905 0.35193019712807744
0.3249607320145465 0.354277753319248
0.2894244148802347 0.3552252465313933
0.34494098017742475 0.3559914855587228
0.10580883494312605 0.36205088124768364
0.36215288825788255 0.36215807573314773
0.22471805789549493 0.3669972223585126
0.17152227043711135 0.3686979272970309
0.3726241071311287 0.37458828764558466
0.37621673504055375 0.3762840254715186
0.2939058117492639 0.38107964692442586
0.3781473304780299 0.38216629469751184
0.225349488312725 0.41411982360218436
0.25056831335911833 0.4215890896943416
0.1335752871201379 0.42745476341518623
0.43218221242839194 0.43901443664215506
0.4668301381746571 0.4717598777250946
0.0936834261382811 0.4736853499326075
0.10646725475497487 0.4769953096280623
0.4777901352642092 0.483239210845477
0.1698086596781348 0.48689350462207653
0.15117089531740013 0.4990041610862153
0.468474660904742 0.5043841886891219
0.20230031906561646 0.5248428348307341
0.15410473513458256 0.527617839363953
0.527881806695538 0.531803812436468
0.5474111484204813 0.5474277133692496
0.17012102218177189 0.5672740593438065
0.4941409673184285 0.5679201834089098
0.10276643077350255 0.5796774847377157
0.13088064134052085 0.591136122461332
0.5842635340105398 0.5936210446715403
0.2473984971401723 0.5985572785630717
0.6057880580629414 0.6092999535916641
0.17799308121491228 0.634891309452627
0.1257126591213324 0.6360998389077949
2.492157272803599 4.000000070406165
