0.0027195109185878096 0.002733794297675367
0.0017940603974353777 0.0028846408591951694
0.0040360768209278435 0.004239951154277518
0.008489023455765654 0.008496237024910371
0.008945623151589668 0.009027008470475214
0.006586547264285919 0.00921910863148559
0.010328666194514117 0.01033751434578307
0.010250002621263772 0.010468229216004774
0.009712743741899463 0.010511255885707073
0.011515168149439384 0.012039515164550527
0.012457930598969517 0.013031544595324504
0.013518994876995153 0.014195572494884451
0.01430062092916132 0.01509637662423855
0.015096111827551897 0.01511205380683631
0.015470852002053968 0.016487522091252278
0.01626856764446764 0.016604980476175
0.0163849882926147 0.01714312077403173
0.012614738354241047 0.017225702505494284
0.016885443404272896 0.01835871527998717
0.018353487010984628 0.019337631153515878
0.020488384707604702 0.020507124645760412
0.020649280651431012 0.020922159494881357
0.02002926413516288 0.02093554751710346
0.019261088928430703 0.021484151462387097
0.021266514589989138 0.02150212054842099
0.021929688216283164 0.02199444165488557
0.022096497989214012 0.022098154573142653
0.022998173697503142 0.022998600119452012
0.020301220605140002 0.023916530800781256
0.021782619591795647 0.024262499034665663
0.023377499592990566 0.02443792812771614
0.024617542091702728 0.02525908383514649
0.024363101766082824 0.025493122960005974
0.02397261778101473 0.025677698209991807
0.025557637235358675 0.02571380630932276
0.02326976839349936 0.026026210978650745
0.022127880208963058 0.026786301997232392
0.027892812234897764 0.0279702418974666
0.023036451120533957 0.027997852406109663
0.028820178611955384 0.02884651867477954
0.02519801386008878 0.029114480086260875
0.030376864757610905 0.030383138018498367
0.03090678075596826 0.031019761217520217
0.018977669828078594 0.032107962869966505
0.03221304755775236 0.03225455020879924
0.028558686307128645 0.03231275096165415
0.03387807413292338 0.03412397104544445
0.029625232494203735 0.03415731475807083
0.03486932845665513 0.03515798572034361
0.03511518993301185 0.035250879479720935
0.0352387494264341 0.0354966426985188
0.0355796929192427 0.036412223714759405
0.03600693300215119 0.03641246816704782
0.032380519737576025 0.03684593701061145
0.035151247200936535 0.03687230479778423
0.03582713199939222 0.037235637546520775
0.037655902800663804 0.03768509619185297
0.03811975030535921 0.03819704086857892
0.03369786360469966 0.038309019124731836
0.03815036068439021 0.03907200752890818
0.03873400095517486 0.03929564699827278
0.03895164840746905 0.039471735527070305
0.031657388955963595 0.040539758874876784
0.037198632932123145 0.04099850021637072
0.03737186159467412 0.041477292011372305
0.04155761926242308 0.04168753359589715
0.04194262501378053 0.04215766760205165
0.04106213487210573 0.04220394457620146
0.040635282069618174 0.042307113197041064
0.0408103978871172 0.04334544448043213
0.0443070930717918 0.04444023781134281
0.03482618663954249 0.04450611842151894
0.029891057050303527 0.044656680948273776
0.045578975893748264 0.045604676088212955
0.04456921892203124 0.04579461752234477
0.04317348617160557 0.046301914317767985
0.04585913722732945 0.04642749944468431
0.046572672973923306 0.047243643306936506
0.04652146386175852 0.0475499543276782
0.04791818654234993 0.048587283242703026
0.035854038022634135 0.04892029853044135
0.03541561547709127 0.04949422287690825
0.030848194737638224 0.049779949892612786
0.048867588520582275 0.05011408847212669
0.045968322183251954 0.05075827903870782
0.037686585863885694 0.05079781625103579
0.04854836108796469 0.05085538473652407
0.05006493203445814 0.051389552154293625
0.04280225385001961 0.0523098668053861
0.05227581289483617 0.05247297147662678
0.04525389321555797 0.05301806382580183
0.04511733392482128 0.053220648004225546
0.04707230340589337 0.05362639274657144
0.05130333865830103 0.05439626785479044
0.04864216617621816 0.0549059143366313
0.055076993940933794 0.055287530215353986
0.05675519673296896 0.05704337054806859
0.05661388977920372 0.05730592111471262
0.057678675124602556 0.057904975113027654
0.05792977257987739 0.058096078237816616
0.048624166969135775 0.05924803289793967
0.03530360365685072 0.059604269281158646
0.05689873017964739 0.06110120893358414
0.06319236485778076 0.06319666403366335
0.06307867305491016 0.06351951387014937
0.06301853099640631 0.06354543212030284
0.06198769957003307 0.06374035451544185
0.060529271049192604 0.06395008509704048
0.0644305261840322 0.06445845191492386
0.06424480998328233 0.06517230989347061
0.045548122941888085 0.06551349208685465
0.04386945356869662 0.06599670884119328
0.048694706193919135 0.06613089949253832
0.06566335384897498 0.06641621371195032
0.061317862896397735 0.06723195626867504
0.05214223407328945 0.06821904446222786
0.06486530232049938 0.0684885532463421
0.06895878163564176 0.06995776429222539
0.061939346388535606 0.06996322737981396
0.0684429835090046 0.07032312715101384
0.04621130468724475 0.07054858391274198
0.06745986529946041 0.0727784150859899
0.06811147797192978 0.07336731383796816
0.053387493401755214 0.07394083394593955
0.045038522066319954 0.07398557962511104
0.05612705847037559 0.07403808485693625
0.0726827365636953 0.07424302096031765
0.04407118165782916 0.07516828529186415
0.06372763264715708 0.07518303254614501
0.0747481372325653 0.07571596508661699
0.0711850259305195 0.07588580986119037
0.07567593240475637 0.07626359044395004
0.07718729469421898 0.07799846473812931
0.0741303501240479 0.07817042813734694
0.06550011087334014 0.07904908999246424
0.07223267345708714 0.0797770342333706
0.07658689415996679 0.08008781233592267
0.07007500525973008 0.08044114903020758
0.0422517749546155 0.08125688692091819
0.0757241852785665 0.08166269200221402
0.08174339480154912 0.08177398796870977
0.08182587266301183 0.08201506864484093
0.07823894392991791 0.08270949761483558
0.07974290222734516 0.08272595325864447
0.07573894727385201 0.08305829283367443
0.08336563385090762 0.0853704505026867
0.05673008653839456 0.08594345828866702
0.06860429192514297 0.08637522405496298
0.06607387774920971 0.0887213417701796
0.09001821528423169 0.0900845815863251
0.0697874406551057 0.09030185693601088
0.073792105720763 0.09087893378208614
0.09147752932439707 0.09155397369331086
0.09191788572679013 0.09240750297023623
0.041320323437927964 0.09272489530730371
0.09534362003999984 0.09543936290970234
0.09605277714001698 0.0960651872445357
0.09680236789068922 0.09699195693674621
0.08310308610429935 0.09704863954916824
0.09454524364237302 0.09758708309584256
0.09784221100176953 0.09805164366461236
0.09666830068127644 0.10000972580021669
0.09655498175311908 0.10105262287579907
0.09354145712476927 0.10189747252022414
0.09732234001517183 0.10343360246292192
0.09812142248522218 0.10374175493516818
0.07983320365676697 0.10418060717291017
0.10487503369440065 0.10497737788709237
0.10356153830156678 0.10528015461797298
0.0957951277051269 0.10601713587144061
0.10588830243171776 0.10635911218640737
0.08156059439853 0.10646298898413013
0.0860414069460087 0.10666900160181272
0.09671065626381195 0.10976838943887529
0.10632001344755694 0.11013400346136712
0.06634759466335916 0.11014618998150681
0.11221874939153223 0.11295151569381677
0.10704475355910648 0.11361103381466509
0.11058025971668094 0.11630735414190564
0.11665103441247254 0.11666322754876667
0.11789449719158474 0.11829457561440938
0.11888843780730166 0.11894611062259385
0.11208603281140468 0.11951604405969168
0.08660770054858863 0.12009065698026766
0.049752181217537196 0.12015384552296678
0.09870989236723655 0.12150274241810932
0.11395657506083355 0.1218112777806491
0.11913331473498831 0.12328512952092219
0.1234222155671606 0.12527971911531074
0.07734445176150204 0.12641147421169852
0.11273599831458217 0.12689433961405414
0.11071712526951381 0.12735760849600128
0.12766637055232735 0.12776842590280982
0.07266677157480778 0.12805726280322427
0.12734479249680322 0.1281367944848932
0.12922157915269564 0.1293220838403779
0.12983271795431195 0.13018127594646398
0.1314681304497481 0.13152712186477636
0.1320682513128311 0.13314902207697313
0.1259225320262043 0.13317515946900238
0.12301304852165476 0.13393888209462682
0.13393328239376062 0.13446971752490752
0.06574654205296408 0.13509213901510014
0.06033013680725942 0.13659605837427405
0.07043240326151723 0.1372049444460069
0.13718186944029936 0.13785372862008885
0.13913990213439742 0.14084679136236988
0.14118278854694577 0.14136414584993562
0.11028841836636158 0.14210290332987977
0.1373965349249181 0.14254448701205363
0.1174588057881612 0.1436158063096125
0.14270680967561764 0.1441427294103568
0.12840490249659223 0.1445882275260397
0.1385708177823733 0.14592565463086934
0.14632822547425633 0.1463491433406696
0.12798066046734052 0.14643464997317945
0.11763187418385201 0.14673959861934094
0.10958261750997296 0.1477424159557211
0.13812276888381822 0.14983753761674629
0.148941944055116 0.1531108425454405
0.149270941676187 0.15449735172239576
0.15662751808631778 0.15688916613006906
0.15491879942011597 0.15718063788836079
0.09708978936567547 0.15778730240581884
0.13075289018965155 0.15847886031796404
0.15907257384210244 0.15935587516663915
0.15439524849135394 0.15984989482885925
0.15132623949741983 0.1598717911147274
0.13467441564768126 0.16000938738656884
0.12798893973641878 0.16094106623753746
0.1500501034337222 0.16210059428470766
0.09513806880936208 0.16345783860826438
0.1596578422561276 0.16384187049098597
0.1613835275022815 0.16389471423221955
0.15412284009033037 0.16467341193867416
0.16012490632806264 0.16469761440102584
0.15892216737161077 0.16590548727403295
0.16622169327577974 0.16629509976310355
0.12491960399423148 0.16709565365999268
0.16386744906750852 0.1688982000683981
0.1502062337452295 0.1696894981496762
0.16125088589170183 0.17082834445544862
0.16377372135036006 0.17165178494367433
0.16206989587600035 0.17686320304435513
0.16850671933082773 0.1782815389261731
0.1690225843449194 0.17889233165818147
0.17808052950028655 0.18023803041150896
0.17458286457953578 0.18078608341878186
0.17898905477968033 0.1813169626297812
0.13582199358603284 0.18174707230712242
0.16325040023862172 0.1820425293135883
0.18409434606156444 0.18424777339425755
0.17528191691178552 0.18660903448514177
0.18787472868007254 0.19077280051411047
0.1906067607372065 0.1913890484273259
0.18211707100116858 0.19321660150964168
0.18951397329247524 0.19353256151371714
0.19041285349757742 0.19526945600219886
0.1943511405370848 0.19914773491496382
0.1991032806912104 0.19939149101742318
0.19825118363819408 0.19986235797837004
0.19901905882019338 0.19991487054333307
0.18468981702503365 0.20179554124651966
0.19659546664388325 0.20236248977045482
0.03568287269909268 0.20278854853176734
0.18318738436398957 0.203608833336316
0.2053763431162615 0.20595657801756662
0.1956888174797754 0.20728592352314673
0.21127594944950168 0.2112800835500712
0.20880919395790992 0.21179757537297278
0.20981033856010392 0.21444145669808173
0.1934653800053402 0.21492899805881885
0.15079491016113525 0.21535054930805672
0.16736892503838577 0.21730745913808236
0.21929719817877696 0.2198269617598688
0.220516845839912 0.22183610840257262
0.21527408132864934 0.2241002938571309
0.2128649918410357 0.22434126246994332
0.18409487296519197 0.22599584878418455
0.2257456528175773 0.2275466317399426
0.2304506712398286 0.23106495759674847
0.2285177459615502 0.23174236805587076
0.22205442453128021 0.2319152115168704
0.22549486787260636 0.23232241872986217
0.15975091852737697 0.2350079513196271
0.23208374317259067 0.23883928784156522
0.2394613774350189 0.24009549989103268
0.23864376303212775 0.24059461296698667
0.19930015930681444 0.24271356469208613
0.2427719192040193 0.2428318629503028
0.23381415059323016 0.24324988391214758
0.15117873974172497 0.24423864986298807
0.24480870328429974 0.2462202883753497
0.15641503272788734 0.24702480973745086
0.23365832486616372 0.24719210550812826
0.2323544074432987 0.24963039309131355
0.24081978443601282 0.2511267930359325
0.25010488995143243 0.25122781884132384
0.2500898931732885 0.252761018159636
0.1259763478376422 0.25704955768140336
0.1939085250626803 0.2576799378920392
0.2407157650591427 0.2576902276587499
0.17066820530545057 0.25804500059244023
0.2583617466633242 0.2583675987980079
0.2590501799339265 0.26029077651666255
0.17293985337381984 0.2624367450570334
0.26522142107716257 0.2654444847248665
0.2633000719202946 0.26789298769810344
0.26909707642194947 0.2692597559992791
0.26236422794527164 0.26963538726532776
0.2705771193719559 0.27087716737956247
0.26921142419484756 0.27100357865506375
0.23105693785319004 0.2719375398364877
0.26096887619565173 0.27228434786827027
0.2734739664180978 0.2734770229796627
0.2743135386471776 0.27438775937577126
0.2625286586427479 0.2748759912761279
0.2675864647974417 0.2752121864016922
0.20318146620705274 0.27964142167765677
0.2798787504481053 0.27992893804817215
0.20926633855044033 0.28101166399735134
0.2754544883211773 0.2823154148930397
0.23561538634095502 0.2826788001051994
0.2536490877825733 0.28370824235995884
0.14584543742602782 0.2838890600476475
0.2804329305049018 0.28413621965371894
0.28651576562692993 0.28715382796043126
0.19593321693174245 0.2880224596349191
0.2789273419812965 0.28860979544718324
0.28658536197709106 0.2899810771823466
0.2487009467190612 0.29542803725664313
0.15960784570904926 0.29566311664224504
0.2930896456358564 0.2958811517587099
0.297804532040422 0.2996654571379952
0.26968667977073035 0.3017394683318912
0.24931751778446082 0.30350488479520726
0.10836633499454594 0.30486013389999883
0.3006780948386673 0.3048746603938648
0.30776837725209166 0.3079220268739643
0.2538924999465476 0.30820299306141263
0.21521267162394084 0.3083224101986947
0.2195665531123739 0.3100632278325222
0.28958057003468035 0.31084176905953304
0.31054016751823144 0.3127220196837427
0.3127261564756661 0.31787629698409586
0.3178982847505797 0.3180485634900938
0.31914324191831756 0.3193218906750453
0.23423249596063045 0.3207085139614076
0.20315039321703182 0.32077200268973605
0.30144815994899 0.32079295269002056
0.24612463366998746 0.32113630575578145
0.2759625366725663 0.3238480508221834
0.22600102368479036 0.33215062380974486
0.3288183317701611 0.33328765943345856
0.3329161274000009 0.33380170075381915
0.2699360802473515 0.3358092277030403
0.29646712108179424 0.3376579990695067
0.3202354255393115 0.338504981164278
0.3374394750537083 0.33898931283759776
0.28018954534937807 0.3398758721798842
0.33750078857822385 0.3400542180347618
0.3093177848514959 0.34030221450771503
0.29741365404397024 0.3417641498941917
0.14052652897886805 0.341857904063617
0.3426047937568672 0.3426050860592369
0.1879128094689391 0.34310987492094913
0.2731110744746421 0.34393931762387797
0.212731875156216 0.3441772032065874
0.30158189281449793 0.3451662381985748
0.2828598764167799 0.3486439283940086
0.08643873695279931 0.34904837503816205
0.28558360164663754 0.3513429893880957
0.28092963141377014 0.3516384550821482
0.22429077004365863 0.3549854690012095
0.30664851765637074 0.35602604709053765
0.35690271425366493 0.35693916231086364
0.34363700085697035 0.3573826656571662
0.3455962589081065 0.35940715333041845
0.3324379680916318 0.35961721251090917
0.36391809657412244 0.36424185394265735
0.3283793265742287 0.36665795209386065
0.33038881240286894 0.3667525229314122
0.2119504373545167 0.36677687597783853
0.23813507468214087 0.3675449313215121
0.36120613437465143 0.3678948285871707
0.3681510067510215 0.3687285796322342
0.3617314408378009 0.3763765464766273
0.3747411992506401 0.3790324720435775
0.3481773292789199 0.38024537549529297
0.3872394269900113 0.38801061522497104
0.3147167176098385 0.3889213682371539
0.18254607343402943 0.39118275919025
0.22762127698624252 0.3915852133467959
0.3230394131463704 0.39475455752747396
0.19501035064066471 0.3959422935234202
0.3044111069724068 0.3972067886660666
0.37241247515682563 0.39745309509666693
0.3921115796102383 0.4051566750219209
0.3893405056025824 0.4099802518293538
0.4185791937912746 0.4185813909942912
0.3928453823976833 0.41870652981162376
0.3561018840202076 0.420491336507006
0.23257670884296372 0.4210415845845539
0.17570244084421746 0.421195511883233
0.2743502450002723 0.4287035821869295
0.3874111636760434 0.42874964803112303
0.37350617904337363 0.4293733791790192
0.42395908548218053 0.43181348301479133
0.19332826322384528 0.43731971810213704
0.44341016322878596 0.44344501936955755
0.4160397223253129 0.4445426718028099
0.4494246808589707 0.45287457219069205
0.25610720830244205 0.45785365975452735
0.35513526127110395 0.4604853634336959
0.4606388672626752 0.46256088401438666
0.18791129892256378 0.4633245679235494
0.1616574897419289 0.46395725600562593
0.4507926575464696 0.46766640416462796
0.43386223846173694 0.4694554362778243
0.23097937524952525 0.47245459840528875
0.395789193467098 0.48285383191192704
0.48427105509099055 0.4856226438959241
0.48827682063892935 0.48838299492375875
0.48665247971624315 0.4933539522217906
0.3894127056533729 0.4942793971599982
0.3813511100732498 0.49590743092728595
0.40222126244088635 0.500183493842254
0.43463561558192826 0.5081997915478893
0.5036581777335142 0.5098133277787624
0.5159559637758669 0.5178613570433058
0.5167229044918549 0.5188205737792998
0.26159791608982974 0.521843421667544
0.5189708701517104 0.5224929430312103
0.19548771643730836 0.5272758019227928
0.5259003457939689 0.5290422525999282
0.3637524479608157 0.5299271606974548
0.5234644998790842 0.5366916304531762
0.5508411393649261 0.5561086303012022
0.3587798206702694 0.559625264849063
0.5086862043695263 0.5648258844688747
0.5619466190974896 0.5700205672721452
0.562773437098573 0.5702740775883061
0.5348892192357404 0.5722101531281868
0.19665698375285767 0.5748795301403768
0.33045645372863464 0.5801919933708888
0.5852550548266143 0.5907542038410498
0.20595436036992906 0.5981523843702758
0.5886813579995287 0.5997526362550133
0.5823550543297341 0.6015169150973156
0.33830957082676905 0.6052818755201771
0.6078514730369402 0.6104725461126596
0.6173190989639412 0.6283754511822746
0.5791844158042828 0.6300744789931603
0.22500031580560015 0.6308667411829607
0.518459270859751 0.6311812528372168
0.6397300968841669 0.6399514305097779
0.6222580943896404 0.6586670157613275
0.49330342201572785 0.6668044513580674
0.6777645257251499 0.6921849633528165
0.6500676127341691 0.6924047515660355
0.47307384419894266 0.6976140704554702
0.7290657668033392 0.7293076038072133
0.7458364740950789 0.7477010186487074
0.7531945965965792 0.762652915989563
0.7236903863754643 0.7664449155783646
0.7667941952945729 0.7669056536104074
0.19226842671761693 0.7684294237232459
0.7437206013965818 0.7809612498888419
0.4210663645191128 0.7867249717246253
0.7747185698522365 0.8133455200878529
0.1923448582895832 0.8467416908347891
0.7839460491017293 0.850013868484034
0.38572111973131434 0.867669107566542
0.8791167082133234 0.8799884885375187
0.6822117616028622 0.8883608241583716
0.598393105306681 0.9013760726654886
0.27584764046476945 0.9185495001159057
0.29142456167067954 0.9205532459602749
0.9262654470381403 0.9266311117524546
0.9684581216484683 0.9722473131235237
0.9660640292206333 0.9757749500793905
0.33239504163913136 0.9830248123401629
0.19715802988513217 0.9831249018331034
0.9779678083403273 0.9879810942257757
0.2128468437154315 0.9944053963852305
0.20809545971193158 1.0284740957663754
0.17650347463407615 1.111643609613825
0.17090364203209318 4.0000059133562385
