0.0008356466547867346 0.0008451870992887341
0.0008349304538496143 0.001031747556519411
0.0010278059731994823 0.0010526857937489342
0.0009530040241764609 0.0011607417817114242
0.0008822746375735844 0.0012985487539972805
0.001252321635619795 0.0013137946894693211
0.0012229093749982643 0.0013595058353215355
0.0013607386867442873 0.0014805736888110663
0.0014492263920764924 0.0015285037022317227
0.001576731315187148 0.0018205539798159872
0.001493439220008235 0.0018288923934259424
0.002070999133544571 0.0021286371924984417
0.002199963592069455 0.002385396726094747
0.0024230629097375792 0.002484904469978369
0.002498981213394973 0.0024992671610174727
0.002610568709794879 0.0026499304790930543
0.0022983238399346424 0.0026911604638956235
0.002682599674931782 0.002697271607287068
0.00281663400818959 0.0028363447133882944
0.002704483163350759 0.0028882642820061344
0.002800938857251296 0.002942347706913383
0.0028500246516673807 0.0029615479597812763
0.002917204214946062 0.0029915926067064285
0.003243377321323161 0.0032589100569148295
0.002572029260466845 0.0033520873552259412
0.0033875493823576942 0.0033935377300570143
0.003462145430703831 0.0035036922291825524
0.001998650593687412 0.0035712727277940302
0.003513320623225881 0.0035943059924151075
0.0035580000990067828 0.003617255015460406
0.002536664927472726 0.0036504238730421003
0.00371480629145013 0.0037173441877717587
0.002330373453966388 0.0038799900943935293
0.0027973979450503163 0.0038810514361161683
0.0035399542451318095 0.0039011006691633235
0.0037546439325162008 0.003964077488791717
0.0045640776528522355 0.00465517123383313
0.004655539883497461 0.0047619787721593435
0.0043525638497810175 0.005265761773724235
0.005497422256196256 0.005525428292401854
0.005643040869237211 0.00565199532975257
0.005316739987408678 0.005674492531176424
0.005247001664279466 0.005758126493366439
0.006111079499398072 0.006113129280955639
0.005305271824842605 0.006456470782122391
0.006007878773060698 0.006458578259169985
0.006458541806403916 0.006461505223036834
0.0073043628441398145 0.008026111425843066
0.007215569716463258 0.008212685690604828
0.00861316060654885 0.008733163179322134
0.007772236989762017 0.008832683523865032
0.009097276331657906 0.009097279361498739
0.008380027939234695 0.009100163522047556
0.009000831611218793 0.009157867831270339
0.00853268277106756 0.009277091597927377
0.007611707221827911 0.009571058522717482
0.00957994626827147 0.009621000242420907
0.008723139016365213 0.00965199074355121
0.01044129521758181 0.010664825956193074
0.008774256004724843 0.01187173351348861
0.00793146190325109 0.012191107089335067
0.011661378025975038 0.01239230310007436
0.012505439239942254 0.012522619757151006
0.013015391829902398 0.013409630815758088
0.013622329126663857 0.01376827681647674
0.013953695410514784 0.014274381168660475
0.014200039636801994 0.014363079166535207
0.012866203023461345 0.0145625725678054
0.011967355064003829 0.014947521297241865
0.011664702117153045 0.015013724235021014
0.01550171327599122 0.015686147403818025
0.015042765548840627 0.01580284555755794
0.015652588186922077 0.01607758737290183
0.014335520420818476 0.016188197122021956
0.010586427570792659 0.01620393209155295
0.014853057188974754 0.01637659682272554
0.01549377473379552 0.017349955843215886
0.01744289544818495 0.01762927385946227
0.01787689332099967 0.017942204938322628
0.01791949951522968 0.018011415907702864
0.018386348186486687 0.018460933234513102
0.01808881829823335 0.018570740054863397
0.012215773368460381 0.018709330636417495
0.017649771825572133 0.018773935889811657
0.019045742544289587 0.019074992218828357
0.017343872852856858 0.019125039424009102
0.01935360301976701 0.019409350456622624
0.020796446661134768 0.02080146160957477
0.018589372632019402 0.020980359440003527
0.021302437965939336 0.021481518772601
0.02216027127424802 0.022296066567181045
0.021010064783829958 0.022744927871982935
0.023631162176722426 0.02370692549642753
0.02332323046338246 0.024729693822970477
0.023298139678092404 0.02474495796349822
0.024576627590874832 0.025393757934114004
0.02267644176875029 0.025676192802382057
0.022588218076535268 0.026086233748927212
0.026732116437992746 0.026895931764604104
0.027460978431976073 0.028277579641069618
0.02584851800291526 0.02856419788871343
0.02768854318132438 0.029122213083361177
0.028240823071973304 0.029243547634859843
0.024103768131446865 0.029277341177469513
0.02191594644185372 0.029435764303023543
0.019810557068799462 0.029518152349247574
0.028763004267765013 0.029879868365768104
0.030099345579895354 0.030415212223588662
0.030523920328567437 0.030737074523089852
0.02265175244444387 0.030882161890968342
0.03148266969297849 0.03148689788693052
0.02976655916564003 0.0322188557546469
0.032684049268748405 0.032873650565426585
0.019060563713432985 0.03485541711749871
0.03523486113513855 0.035370626872062556
0.037156967189835965 0.03718247925781267
0.037585748740865385 0.03758669625169155
0.03486900055676401 0.0388529202121594
0.02562770560127168 0.03932836539741414
0.03593318401394374 0.039973261159269274
0.03905453231364497 0.04011412374310081
0.03637769524342319 0.04025547404872112
0.03178903161423998 0.04079105293612769
0.03571863243973304 0.04100119983800472
0.03627620176230999 0.04196427337402282
0.033265837309443505 0.043562725229150154
0.04169704583682862 0.04357648528976605
0.023349630705670605 0.043929000187796705
0.044095132178918486 0.0445276826920613
0.04237279281875688 0.044640474827993985
0.041071775879235786 0.044862068890852355
0.04530835795875842 0.04531525740859278
0.045385143124462284 0.04580715601787473
0.04609729159785434 0.04664611354720725
0.04672483393965028 0.046743766572958666
0.046906667952294895 0.04761802583343424
0.04318528867798312 0.048222867093793774
0.04765185215901602 0.04926726072647889
0.04867160162670063 0.049382851261047765
0.044040221322148194 0.04960609732792024
0.04936353402230668 0.04969843132668313
0.04430789530334679 0.049732385471163806
0.04177234748586555 0.05002583588103284
0.049969045787893636 0.05182838264159402
0.04729276594100922 0.05306083167762983
0.019475641501394313 0.05409324932401737
0.05416899946565151 0.0543581715259717
0.05449597809684702 0.0546923676306949
0.041810876494267096 0.05532862123114913
0.056157337654397205 0.056870236836650004
0.05219342218375356 0.0569602969239586
0.04933893479498393 0.05774280129033374
0.057857111040871816 0.057857114517999464
0.04644727866511742 0.05790728640384855
0.03166086082069541 0.05930374847550154
0.04583480691865635 0.059424295931210666
0.0581659600437932 0.060326536422456875
0.05713370628872132 0.060390360165539086
0.05612952840171849 0.06082757050846028
0.06000972372618769 0.061013337924966576
0.0601017414068705 0.061711214777124226
0.06204709712925 0.06216623659980068
0.06207958789778541 0.062483234249135974
0.03404505444370612 0.06287107629168749
0.05849828369781837 0.06316252694897835
0.06277407209764482 0.0645337138613365
0.06312706023059973 0.06537335193082293
0.06580244358118367 0.06584290157214523
0.03749826609053533 0.06752805129210582
0.04955929573780527 0.06794737317695529
0.06690817946949375 0.06813621431636749
0.06847837289451796 0.0686864469568642
0.06934279322645298 0.06939353705885759
0.039479327975049244 0.06964065419386975
0.05660330709445526 0.07078748582501762
0.0505001374022508 0.07091546449369988
0.07154672303623665 0.0729186490391037
0.0694001317514083 0.07393565925194802
0.05505426014497129 0.07743415256198483
0.0778046700175779 0.07780484969755574
0.049101708696667745 0.07813723855836435
0.07846467416730028 0.07856641017093535
0.07971639357447875 0.07978188808776857
0.07646939121159049 0.08063638585854523
0.07768640737290106 0.08064144000804474
0.03020584589043363 0.0807116459289548
0.07121149206697673 0.08080806538281846
0.07375422984670055 0.08107563012375298
0.0784613868831222 0.08109680122392462
0.08066933059947322 0.08465883328990588
0.07777812695446654 0.08674366575747108
0.06709764906538895 0.08710819285358434
0.08505166595849861 0.08814839735061311
0.07406428288935962 0.08931939387132175
0.07742018289620549 0.08936077571928634
0.08917249150104861 0.08942495651693738
0.059046162883739026 0.09033204111270592
0.08711758010540428 0.09141409514736401
0.08181236826853408 0.09163691012567128
0.07269478651374031 0.0934666656898292
0.09106755780971082 0.09448947671932231
0.08657297876797686 0.09505958303758616
0.046873909070606845 0.0953378552554252
0.0912370725051362 0.09554704386954722
0.09447172156300686 0.09589938750644397
0.09390957470497689 0.09623891480440644
0.061447762653728435 0.09657197962733818
0.08700392477189191 0.09693691936159698
0.0687216167203978 0.09935322250809271
0.10042427296288402 0.10048747165828993
0.10224771772631722 0.10250540977905381
0.09794792931678421 0.10381519175071992
0.0809571757177243 0.10422032587523725
0.09935294368448441 0.10456709302465941
0.10624074379542571 0.10640412933858755
0.10456111885581541 0.10718311741985512
0.1047592347919451 0.10727162920127171
0.1064753772900518 0.1079899956818742
0.09821638647258084 0.10833834381683795
0.10067136070705725 0.10847488742981178
0.11041952476196551 0.11073587809597148
0.10712914365893779 0.11168249687468308
0.11307791477742234 0.1137737756029955
0.10427740562221248 0.11653059558096796
0.1128988325372957 0.11718785310524417
0.0439479082298183 0.1185906134031034
0.10554782955244063 0.11889555741724706
0.1118175220980131 0.11919704025800613
0.10198418051897025 0.12392512760591849
0.12144537404123225 0.12647221975443845
0.04407669334519731 0.12736627836389253
0.12862713943189233 0.1286378315314202
0.1319352728845102 0.13195566205644138
0.0990687123034772 0.13282578757759303
0.12910305451499582 0.13323716010914885
0.13473508063263775 0.13474093955157795
0.13379442812492734 0.13481205543525052
0.11783183312741422 0.134823822604817
0.13379072009134352 0.13686295055107517
0.13461191801104855 0.13831238126806952
0.12667857597528986 0.1392429898666258
0.1422546542308384 0.1423690776523636
0.13895020390847856 0.14264253119663334
0.13282889834851072 0.14321612145389306
0.143635861458924 0.14380269577534005
0.1451574792169464 0.1457169482599479
0.1442050559032633 0.14808514661610153
0.13949700810823107 0.14845931720954234
0.06650057139290001 0.1552343295470595
0.15069937369540481 0.15557760567993822
0.15000145080466776 0.15576385385936858
0.14927590665913335 0.1564352862892683
0.11159863060929494 0.1566877157804832
0.12668249395648665 0.15677976287324016
0.14508277176900242 0.1568252855885629
0.1596842707842381 0.16068144032156667
0.12507986222391626 0.16159827079299113
0.15816087095542947 0.16192649388100924
0.1338476864776314 0.16249884671620382
0.16131639534552844 0.1635687295072277
0.16366538326083976 0.16389980938698057
0.14566491046733027 0.1645005960189616
0.09549213602472281 0.16464884554442874
0.15536488960947709 0.16618339832476117
0.1545579933486281 0.16711999698963212
0.16753090506966892 0.16822777524077234
0.15893504376267775 0.17169243114042027
0.17241297999872987 0.1728249702893544
0.17449063967776623 0.17463996663370365
0.17501726014340802 0.17506532684158962
0.15299016495142895 0.1764329592037139
0.17111265630793898 0.17727743089423312
0.11395821173303658 0.17913639206969806
0.17893066034639035 0.17927606054610856
0.17864114615070148 0.17969821640909223
0.17764470933400334 0.17986931367908612
0.17962057985201502 0.18052051204347674
0.18193496179438384 0.18230220128117997
0.1831223189371114 0.18312361547199563
0.14386888163914122 0.18312498469503913
0.1809174348420279 0.1834018272780309
0.11157397437000033 0.18588676929952716
0.18459607529918126 0.18597950997324222
0.16672644362200523 0.18619456722189437
0.18068259319881158 0.18627446361788888
0.059007531371776334 0.18784613080612267
0.1815559996960421 0.18835670676895414
0.17128120063086494 0.19075815265265422
0.19193618275821886 0.19229797925376776
0.19539147008145408 0.19595399162574417
0.19658836861497458 0.19722751190783538
0.17424717276450402 0.19795836509082643
0.1056730196571818 0.1980338368422412
0.11413832028782836 0.19882505827255642
0.12126076061795037 0.19982063211081136
0.09481622652971237 0.20233584634878285
0.20245894185355487 0.20254760565272098
0.20628637489697135 0.20665950903665378
0.17635995045059738 0.20754215795686
0.19450162252062744 0.207975579677691
0.20463124142887468 0.20913878671167532
0.047814707064030904 0.20969524593045763
0.19053082291141848 0.21006489332704117
0.17629276626223536 0.21200950676322372
0.21226004473718046 0.21336535129631334
0.18659524117902204 0.21409300044756296
0.21265432034421633 0.21420373235375528
0.18520283936060072 0.21472478937218858
0.07859521202413644 0.21476708291156588
0.17844566095662626 0.2155594993548996
0.20788650192169122 0.21670446261574697
0.1772324417303745 0.21895854869899484
0.21397361116473945 0.22070739043447143
0.17936679425370874 0.22254039777365855
0.22156711106194535 0.22932508811869914
0.2293398623660866 0.22945438363289936
0.2299861011281556 0.2307610449790894
0.1500080386793368 0.23152366705611796
0.11966656240731452 0.23639623891219924
0.23418427696616184 0.2367593967159111
0.16126424096859443 0.2394463408510567
0.2321498929449352 0.23957755911083825
0.18341403213146207 0.2399367403089163
0.2400452837280875 0.24004679193931797
0.17770971753185036 0.24284258286197796
0.1334470784132619 0.24312560186626964
0.22982146589178779 0.24372598708398893
0.24431660222378104 0.24562647934576362
0.24002288280825687 0.24719249267552082
0.24878585079193735 0.25203075334193464
0.2540727995655728 0.25506662448338097
0.24604964010237687 0.25635739457521267
0.2563156365821011 0.2570607998780711
0.19853879320267662 0.25815480376239414
0.2426126065991335 0.25850876612215673
0.2591143643540801 0.261634267327545
0.22843341072533488 0.26296478274993756
0.25124520366347264 0.26336973472556974
0.22974191228339733 0.26551665574117117
0.2638787592074715 0.26708047207113744
0.26741099497857024 0.26969695981997194
0.2606963213864868 0.2750994800104299
0.27795665909705203 0.2779599292551714
0.2800569228505656 0.28008264053444254
0.27981495506564635 0.2810507572584942
0.25928603987500176 0.28519942559927025
0.2792904856045281 0.28580153937089725
0.28591223415983785 0.2861018413155824
0.20981865049563006 0.28757344847445193
0.21944479379641105 0.2880610089920198
0.09421612685978295 0.2884063709616695
0.28585633174067804 0.2887191150465616
0.24568570152692729 0.289028312269828
0.12606803137235723 0.2891688725407864
0.2614715042681609 0.29014122993145436
0.15816505852032575 0.29220045284273755
0.22107487881363774 0.2926420062049623
0.26882933367276407 0.2960683002539072
0.25105528231388347 0.296243184119409
0.28003082926197864 0.2964725394079121
0.291929901240725 0.303576930553479
0.24566140957417906 0.3053192102358204
0.24302438669239407 0.3064185756102963
0.3070606789372788 0.30706654188303584
0.27764031750638296 0.30891058425822476
0.24997982719586903 0.30990765474928345
0.2850100452181884 0.3107569624032048
0.3128516913138978 0.3138306610579909
0.2590920236131797 0.31598769497386087
0.14888779582156567 0.3177840314244942
0.22759919453373997 0.3207061625911974
0.3059945156226305 0.3212925653291158
0.2709900321426316 0.3231174767769453
0.31703463719764313 0.3235605172886916
0.31510394819772664 0.32521648928526764
0.23843152775228854 0.33058923605932405
0.32869335189623183 0.3309141964724621
0.3283009324588522 0.33106740704954013
0.297291910127942 0.3312156830897506
0.2879706681078447 0.33177090217094696
0.3149176730579536 0.33270103779843163
0.33136263457045845 0.33285700614701536
0.32406394584659026 0.3343969626518757
0.30550254111582625 0.3380081304035994
0.3401726837742627 0.34255476965332937
0.31661002506693414 0.3425892481198045
0.32847234784306656 0.34482695179859263
0.23966858913138717 0.3468744237702077
0.34696528725754366 0.3471123616887972
0.3467087962875509 0.3471521881873079
0.27994929773448657 0.35228046331531837
0.35898117061640916 0.3646638603263658
0.36157082331553275 0.3673094189468678
0.3235843599092266 0.3711689331208749
0.37215717329044173 0.3757156531104365
0.15766680090993299 0.3777280689237752
0.16143974189305044 0.3782603941545192
0.22880776758794766 0.37949114192931727
0.14659604392346962 0.37976760084390904
0.3644536400979823 0.37982815225472927
0.35646108248338176 0.38032236515002
0.3805526273757952 0.3866979402948013
0.38194517272713246 0.38857389044817164
0.2959391247512822 0.3964764885230815
0.32749874085263786 0.40127221165077626
0.3338117767709459 0.4045006230669243
0.3949181622691119 0.40503117924772536
0.3919912839426195 0.4101107299246289
0.3630328113026255 0.41181895295225707
0.4064011143320655 0.41443812698851057
0.40685562641761197 0.4240845776275858
0.35029823041642094 0.4250580698215552
0.3546620591158366 0.42690147995473776
0.31049212085266703 0.4275329169727511
0.2189845047595213 0.43569536490653304
0.4356545677376158 0.4380868667974011
0.14281242747414719 0.44398153701049786
0.4041141613475312 0.44430521899083264
0.4418184333187209 0.44872874066985063
0.4578600499307725 0.4581384770799735
0.13446287971338086 0.4621099079589906
0.471650867091154 0.47166654572793315
0.4291959739305871 0.4717472205044787
0.33946960879346255 0.4874655045081418
0.3847856305876867 0.4904126682927499
0.4808603407453071 0.49296876695400527
0.4970228577073802 0.4992472317805434
0.15520341645933963 0.5014158188832689
0.500579165257544 0.5087928338748574
0.5083218759571185 0.5090165640969727
0.5072219823457194 0.5094736951861014
0.5056041694843829 0.5111033209425475
0.19011752162732398 0.5139244093028253
0.4535114284222733 0.5225280852744175
0.5227825112266322 0.5229169922032908
0.44096158933575247 0.5340601198252416
0.25258011963730914 0.5425697276637079
0.5196083766576283 0.5520965457465354
0.5131388710031634 0.5607003416279013
0.558144566189513 0.5638712533620055
0.4728696243655414 0.564217484367584
0.5677861417407808 0.5724240516819877
0.4885626086788113 0.5783149789662042
0.3244354682993208 0.5815071897329874
0.5470682840941288 0.6042999623729942
0.31520845469988 0.6139149366831069
0.6150488856593881 0.6150594745067559
0.32031731621282805 0.621229360663946
0.6093879738488456 0.6311552465930513
0.41894139466331776 0.6469624554207358
0.6599862125449177 0.6603075123565829
0.6408287920324304 0.6623129725039908
0.6836240175533015 0.6857681900816323
0.43743576886231533 0.7196753850912015
0.7306379894279613 0.7365978575551343
0.2227866829154014 0.7423435492779127
0.7484716937540311 0.7492895440946657
0.5793688556944339 0.7515629822469326
0.7403910481278934 0.7628535205097637
0.16785617197408004 0.7680771457078073
0.7784286375899028 0.7936281188542382
0.6524334050298213 0.7980021356110095
0.5111963147033949 0.8003697515463368
0.8398823555786391 0.8399281300711977
0.284156214976981 0.8421530354129402
0.23418412530856647 0.8530430263852251
0.8524589124951127 0.855503536802686
0.7823482822916896 0.8570410608502573
0.28759178948700936 0.8939137579532545
0.30852868698451963 0.9044536401301397
0.27135029297717744 0.9111706332197191
0.48469265120256944 0.9186649762684229
0.5163358909011901 0.9348515160885761
0.9657365779835967 0.9772522433535005
0.9803701787548746 0.9813607160178558
0.137262001425586 1.0582440522086103
1.1280999474318132 1.1283442013373137
1.145426982796895 1.1497370831576748
0.13422620850080139 4.000000436144246
