0.00043901982765158954 0.00045053910439831813
0.0008551843820721125 0.0009607965860416386
0.0011352088604815445 0.0012558303350138616
0.0010733091930942087 0.0013411718119256144
0.002569384123134741 0.0026156638203795844
0.002362802787941967 0.0026718329041288498
0.0024585578657709446 0.0029763808321777753
0.0022995449021704 0.003285050455637491
0.0036441133639954887 0.0036560353754412
0.004120444936805476 0.004137438126889738
0.004371654668745641 0.004372303097024455
0.002573832527929846 0.004405016837865221
0.004522806141045612 0.004690511280344327
0.004372058134033532 0.004788828081933198
0.0033852224154234034 0.0048339660615334045
0.005107219302142306 0.005120115528245774
0.004944975296268693 0.005455003603788787
0.0053253141583367025 0.005578396840815739
0.0055215773302759895 0.005647864761616395
0.005562968797507351 0.00573834698027931
0.00574771969783203 0.005872158226150787
0.006235866868080406 0.006347321770625115
0.004883578010232879 0.006431948401652522
0.005277344185082003 0.006437651327703349
0.005114747383787576 0.006992250068282175
0.006066217219494309 0.007040912717398091
0.007115199384032092 0.007358262599556087
0.007471729086034414 0.007480524571064016
0.007472249060741738 0.007726604050278019
0.007807149893129834 0.007824805838707075
0.007841061644518232 0.007841797187296017
0.007604792993215984 0.007959241142321207
0.007070934362951411 0.008192748315301306
0.005474700810717732 0.008893212371762452
0.008855947531782734 0.00920588558939757
0.008571359673459997 0.009479422310575797
0.009943521787714068 0.010001129360032595
0.010205070850404997 0.01044124410764148
0.007508927146406547 0.010488939647663516
0.010978432167256124 0.011006160393308973
0.010666720974957277 0.01124647950582475
0.01049278644306195 0.011463648374410442
0.011764242261182719 0.011764649075168759
0.007794755505928554 0.011929092733170095
0.01258727478460864 0.01259266939977151
0.0129921116316004 0.013074640876762234
0.011625153149910309 0.01385774759509028
0.013951049749477933 0.01401181026555879
0.014573949980440334 0.01458741447281986
0.01543034181689088 0.015615452486768676
0.012488165850216667 0.015890589405195724
0.013154665553950813 0.016059225259360464
0.012837439316900852 0.016127685507556146
0.015106449952624248 0.016534953778009676
0.01672554932389297 0.016885526854997883
0.016902384436666393 0.01708601005405092
0.016075702671172934 0.01740365428831652
0.015735781446720176 0.017732882594169434
0.017926453236311615 0.01804053354337925
0.017036468214783333 0.018061428984558422
0.016914544271283194 0.018732836390173903
0.01611166278739427 0.019569367077313965
0.019577736232802036 0.01997447203667119
0.019323431841449502 0.019975530544485334
0.01986972568771499 0.020186428227744243
0.0201131631536747 0.02059299004709259
0.012712648353495422 0.021698787488268888
0.018586793232261086 0.022052816882407435
0.021169553839459516 0.02215551890671954
0.02078870529120069 0.022462425576990235
0.02258799029155474 0.023029585405662686
0.022394864372490643 0.023290630345455206
0.022449024086689667 0.023970121911450686
0.019436660856342824 0.024221423899458045
0.023870821907756787 0.02460322123154117
0.016723136105542373 0.024945656864704315
0.02139870584383858 0.025478081992858493
0.025725705295286234 0.025886517185363767
0.02603139027121518 0.02608776207361831
0.023528073409901824 0.026414506519443184
0.02492845192842418 0.028242639892376988
0.02713276716691783 0.02826127438755358
0.028078511152100583 0.029618877527941262
0.030179690554272578 0.030269523758229607
0.029888418278478303 0.030500245935518505
0.03052659291939186 0.03059921174591478
0.030009074686971116 0.03067042789710184
0.029502731493915125 0.03156043810583278
0.030255047509461185 0.03230766775283426
0.028665089621731178 0.032672887820801
0.027951919431230314 0.03369687737740614
0.021079239576349447 0.03403781184134803
0.033832962569069105 0.03419510684954286
0.03433702138861495 0.03433726969631897
0.034121270731349046 0.034885074453718634
0.03462136410000809 0.03492228704741723
0.02138653599310307 0.03507949159387383
0.03319209249131796 0.03527786527340145
0.03658408333909471 0.03664936251801385
0.017220974509816467 0.036697640172259675
0.032019528833486535 0.03735993144445607
0.03846179824699935 0.03906039609997717
0.03951226878068842 0.03951244210395535
0.03294085304151908 0.04078678917615378
0.040275625943648224 0.04108380925074683
0.041521201713238476 0.0415422817415811
0.03792407400361651 0.04324772865983143
0.042794005612175376 0.04332456787089462
0.04350543103064671 0.04362465694051785
0.043160904838538516 0.044104479017483184
0.04238481152592462 0.04411860377753607
0.04184607981517004 0.04468737869099193
0.044153233089262264 0.0447551178382257
0.03584251521533599 0.04547356622956463
0.04152914837238308 0.04549309736577185
0.03921897545741084 0.04592427581273682
0.03999958345313695 0.0472897074154356
0.04790723769157367 0.04795716392434928
0.04764401858561812 0.04827545171211417
0.031097653032736594 0.048643911894488516
0.04937713152810631 0.04954147646739327
0.04979842805044053 0.05005107050442542
0.04282683941227949 0.05011600380999984
0.05012527743439965 0.0518083384389551
0.05102590311480817 0.05216506222548041
0.05216640815738539 0.05251000433561293
0.05260600512681632 0.05274798021918
0.05300177595864141 0.05301501327615473
0.03883156202934425 0.053087574621923456
0.04814682141947294 0.053110344619640114
0.04867537958416695 0.055333788992826344
0.055325879212380455 0.05535791658210671
0.05308109986340862 0.05555553055792777
0.04302607628824579 0.05616948050038306
0.05665045320742952 0.057072243675643015
0.05399603919127875 0.05814166851940544
0.04488859965495672 0.05827749089378043
0.05780001251753585 0.058372715391075
0.05238955628964498 0.05843875042543412
0.05555275670672988 0.05900664668011359
0.04483260770003667 0.05910411218243089
0.046926185958328016 0.059262383541395076
0.05656820374692787 0.06011369455929547
0.03523379589082053 0.0609345133512819
0.05724788856028293 0.06149323896974065
0.045963777423255414 0.06156304737243239
0.06213902176472115 0.06270757004056775
0.04426531988093342 0.06296676172407491
0.04559356809062881 0.06348219336008791
0.061526528803569 0.06513668607593451
0.06327506435616682 0.06541645177071374
0.06253112343920533 0.06585467832842291
0.05582885734688439 0.06692512455196101
0.06750595756675169 0.06831768737116325
0.05091383401737848 0.06860361581936086
0.0581170851943364 0.06926255785870937
0.05223324186582671 0.069285871195105
0.06834811127699941 0.0696364859774989
0.06275426702567333 0.06964234646238825
0.06653370228797427 0.06978899080839256
0.06828789994066536 0.07061422141129238
0.06845271864199 0.07144593459433748
0.070365864184279 0.07221687192566645
0.0605735195173817 0.07230528474632354
0.03985818128032684 0.07250300453066771
0.0725396114113891 0.07263657772452076
0.07249408651868801 0.07273662374796672
0.07294406584619326 0.07324147338858487
0.06773110250531908 0.07332284209516939
0.0715025484623122 0.07368536629843334
0.07099277298405489 0.07828535028211002
0.07725305281490906 0.08067233533858575
0.07588843308055108 0.08139417888803412
0.0630386551666389 0.08392911654318713
0.0840602908816488 0.0856718597670152
0.08281527707919403 0.0857629704340077
0.08449135530766069 0.08721779205887026
0.08559776658447564 0.08805052341417265
0.08355240051212157 0.08813350729953554
0.08808969500254628 0.08878846818012977
0.06318752834377282 0.08891197796715504
0.08913573458837355 0.0893557719615532
0.08872152131582899 0.08963859424617787
0.0347310657870889 0.09102114105317072
0.0924229576175354 0.09285461522081406
0.08119273286527093 0.09310465634132634
0.09592362824649288 0.09594748802587282
0.08721931089495506 0.0980032983541618
0.08624993105544136 0.09827716484100127
0.09216872885863431 0.09840322984881601
0.09875906302545383 0.09877469480307954
0.07518283039591546 0.09887656171579581
0.08710018590149261 0.09898073062520195
0.08976995952237693 0.0996202831059863
0.07285902770023467 0.09968149003046395
0.09992136600178643 0.10002613747257974
0.09897088286917985 0.10040227919872417
0.099290197930475 0.1010808390949726
0.05823161741163077 0.10202857536034873
0.08085574487761053 0.10313913180498378
0.10144817289775615 0.1036032450775069
0.10049200177896328 0.10428766086222202
0.0939333287645813 0.10529029436382188
0.10498921183507627 0.10967479181035464
0.09788036172515611 0.10985889605769782
0.08185456976628724 0.11035567304492264
0.11074192937777856 0.11075223187543767
0.10981105874438092 0.11116636645425017
0.11163988081901452 0.11195224813359761
0.09538399076736753 0.11199123629262145
0.10845679365238071 0.11402797589790255
0.11617871189977982 0.1162394299253196
0.0987266642723598 0.11727052215563671
0.11716115942392469 0.11728471234309591
0.11744877910827249 0.11761573568133717
0.04073383593676319 0.11764627793278798
0.11133301133391371 0.11938070214530008
0.1180645121493765 0.1195548808859419
0.05175326762649887 0.11991877968325823
0.11924817680079726 0.12047099238416904
0.11457752139640034 0.12095692570092456
0.12077633203764178 0.12191536651480879
0.0784102604660844 0.12269840791365318
0.12116259944491611 0.1233107179325851
0.12291415515082896 0.12430813679401201
0.07042502510253984 0.12483213031735785
0.12112975177345481 0.12580479524758706
0.12314886253348764 0.12623964842956573
0.1233575940148593 0.12713758161163358
0.12686397069053365 0.1272286453345856
0.12402607970434396 0.12772664360034
0.10694189147662983 0.1278587489538612
0.12068007694097561 0.12794754844833223
0.12136491003104151 0.1295204829695017
0.13002937155249678 0.1300330483343236
0.1228442282802071 0.13056104824393225
0.13159961289315364 0.1316285748500291
0.10326683394026667 0.13181298763298022
0.13150427250967692 0.13205454757702859
0.13215830422086522 0.1321583636544965
0.08557755014691201 0.13266482550081282
0.11827728010957744 0.13293873204929
0.13282589978416148 0.13325120322699463
0.0887596190189215 0.13387225287494028
0.11613755543063038 0.13407568910292278
0.13386137493393288 0.13420729115604857
0.13443224613700672 0.13547566545512843
0.11142065411256528 0.13648657265584305
0.0983505306466475 0.13864177592426905
0.13838778523358075 0.13872141605579424
0.1374666330748311 0.1394301249420778
0.09826562228467046 0.13943873766358805
0.1399489479354026 0.14000165015306426
0.13406134551414228 0.14071333235071623
0.12069015903740093 0.14073961908789742
0.1406698645532702 0.14198378584804086
0.13734865902819215 0.14215350537991223
0.13808262560527765 0.14264987628242753
0.07388197997175415 0.1441368648122881
0.13424130813287144 0.14459483556457942
0.12542433528216426 0.14495934312393882
0.13074710736644715 0.14507431386775507
0.12373258178756343 0.14525251724860294
0.14576081226339452 0.14576598437333935
0.08848072181359326 0.1461322288771375
0.1369687436487632 0.14677824972045525
0.1346041757597958 0.14765188250466504
0.14760672206333952 0.14834470842676067
0.1263868380774571 0.15007067422840814
0.1313527387425861 0.1515790667054548
0.14828082451353933 0.1523419214063739
0.12843264032121135 0.15544643071196715
0.0848625129755317 0.15559644807258047
0.1542214667595585 0.15605683446291083
0.15427691235498328 0.1560747722508831
0.1555202919256787 0.15759604622862752
0.14516201400121723 0.1601679803069182
0.14449823558556346 0.16150501594866715
0.16180859251146648 0.16192457452757134
0.11670553373155786 0.16211603126056134
0.15792306548409724 0.16326468206463693
0.1567282071284954 0.16588413697941803
0.1486568300779383 0.1676708826772573
0.16540090703851662 0.1682547550128266
0.16939119241549036 0.1696012970226078
0.1687743299227238 0.1697611267342081
0.1677919940093334 0.17007515559404218
0.12246457003344101 0.17011366887287627
0.11171476592615304 0.17107999754963885
0.1694024548442183 0.1724139589632023
0.06339274171625799 0.17265824924210285
0.15167835052011672 0.17282364007674894
0.1728938911598159 0.1734205613942785
0.12860720928877378 0.1745277284253229
0.1750218120318032 0.17504626727281572
0.16523443033739976 0.1753601866422185
0.16073759537548254 0.18005286124355935
0.1732020804256325 0.1802788486021991
0.144869802474924 0.18110054724601965
0.17070276722300098 0.18149798465390982
0.16507578532116535 0.182360664852503
0.12239018926324824 0.18289838725220295
0.18044591448518843 0.1830553717011584
0.17034732361201288 0.18555762995497543
0.18519317926262835 0.1855585265473825
0.178924689164428 0.18892023741008207
0.18397531523449295 0.1889551746871359
0.18924275354685932 0.18981820379415765
0.18490018062953617 0.19154772687639565
0.19138889311611598 0.191602785885825
0.16639894251814258 0.1926979546518431
0.1662809375269562 0.1935437611045663
0.1612011683817876 0.19492532540492158
0.19211712497964592 0.19628802564855738
0.1616865996984334 0.1965112493695334
0.18224996746980363 0.19717516795945864
0.18454006794554326 0.19738920343338906
0.18545899391890558 0.199511830072978
0.20195779741127973 0.2025975600072661
0.09707484363966111 0.20526455105231822
0.18455778142431 0.20563150373176586
0.20541141536629356 0.20575057507495867
0.18960133673948265 0.20597964993388646
0.2058619828404836 0.2060344159822698
0.16309841507703896 0.20631767943424534
0.1953945590654921 0.20638128313695406
0.1940427701977907 0.20679748898009304
0.1622573935584619 0.20832002831502247
0.19784755747437555 0.2094245499960272
0.2071386052540516 0.21003910759989083
0.15645208833077076 0.21049594589707368
0.16925008019536408 0.21088866972730858
0.18919473300538875 0.21645766014920376
0.21803120288684774 0.21821487400133435
0.20197725670604189 0.21916985444175505
0.18481468939584644 0.21953122789273907
0.20731427942540828 0.2195856362977032
0.2258995285510569 0.22591619413108416
0.20142020867542945 0.2262163953563212
0.18237711318042707 0.22724772015093384
0.22720962811355155 0.22783515007774846
0.2157229773345768 0.22842900392195392
0.16737993072256857 0.2285644543880244
0.1909802796941104 0.23143924700775198
0.23052162954713562 0.23153344282572694
0.22342763373611466 0.23296216001933934
0.22716446762236775 0.23527775945285626
0.19948082964567457 0.23671800064100404
0.22941829843726533 0.23799852867351648
0.175182310169882 0.23839152043898845
0.20192087197798436 0.23854879260036438
0.20276316103321634 0.24058525210358767
0.22057680715352537 0.24276516902435946
0.24476698377389872 0.24501614922287998
0.23902335078091477 0.24719074947295877
0.20087355556210829 0.2479637594460363
0.24841182372891918 0.2507538286502846
0.11179917986037707 0.2527451303594753
0.2253278441505871 0.2538466652973709
0.25172132925251045 0.25448622170735125
0.22786046632027146 0.2583410479460849
0.24270154629334878 0.258375483278726
0.2398373387483244 0.2586827255423509
0.25875836229436844 0.2631127608368076
0.24404328940267084 0.2636578273326172
0.26404863309554344 0.26404983327490067
0.2648449508911655 0.2648628023419991
0.15167712517392262 0.26597408081308177
0.12813535369135706 0.26838719887175483
0.26972100082022815 0.2714722904431306
0.2513831342386088 0.2745078407920209
0.27661733389180754 0.2781883716411502
0.27631079622258514 0.28215084190986944
0.2816652003452216 0.28260860437188373
0.18726039242238735 0.282631819962269
0.2158102730496092 0.2855706866260822
0.23515380625089977 0.28681758866743623
0.28667593554695525 0.28844547474023646
0.25234525100884475 0.2891475248473053
0.12856890231914175 0.2911648281791863
0.16506689369366684 0.29224193297259005
0.25135324049885993 0.29264469666744025
0.30002037291488637 0.3000434561738749
0.20353892709825702 0.300165776972883
0.29171303286843303 0.30026924757846024
0.2959974260107821 0.30130601069369134
0.19203013154806756 0.3032429660132063
0.2841208201256942 0.30533932118133406
0.12079544064374949 0.30594560919445524
0.20015114216543173 0.3060575764981465
0.24138499086514434 0.308126574797118
0.3017190769419995 0.30873542212677896
0.21510326544036112 0.31036810439747997
0.1863475431123525 0.3132322257165495
0.1263880897195302 0.3146296662273056
0.3157537176357387 0.31636923312960996
0.1910650672273117 0.31848314158442004
0.31683450848996064 0.32054437390368085
0.2698034554478474 0.32384137554082487
0.3190769184133794 0.32762193329951783
0.2993793017704174 0.32784534553134287
0.33106986281960094 0.33141636349772885
0.32236204972511984 0.3327025451539198
0.3284076195873004 0.3341810027264237
0.29061549589029084 0.3378462597754586
0.15891487741653296 0.3381072543156221
0.32334590804986574 0.3402202405708544
0.21663121823509582 0.3410138454602363
0.26421068172108453 0.3433379529701272
0.3437631716533483 0.3452301156845775
0.3472939642364848 0.3488329442226741
0.2886579555496927 0.35019880417113686
0.3561253770860735 0.3561826723427372
0.2495322242159616 0.3581538683204174
0.3477640404092641 0.36723498596616466
0.2118220907779591 0.36741560939403817
0.29965226661035743 0.36889165046714595
0.31196591668704937 0.3717208197929891
0.3728390316840985 0.3743479834399989
0.1062553480527609 0.3803135773435337
0.3756964721821299 0.3807896001406477
0.1698119848719899 0.38096963693224645
0.14575890034651873 0.38326891389967715
0.3743497367285355 0.3860318147498308
0.3882404961000251 0.3882438705845309
0.18584476906184616 0.398798028408119
0.40150922211613316 0.40496028379188986
0.40417159903335476 0.40675202452013665
0.40422463847987194 0.40874931419135413
0.25196154801937426 0.4158599107142692
0.3717829232475707 0.4179863894764308
0.4140643009500077 0.4224095660445635
0.42126110611565226 0.4230032697613004
0.18935042891226067 0.4243340326792811
0.38740489361277664 0.42514737701677674
0.42962003672644744 0.4296288343885136
0.35209747496825267 0.4296591970379659
0.43928462842807925 0.43949183632147665
0.41706774958336607 0.44372326784965344
0.20802382163405905 0.4470381231103737
0.4532072963178645 0.45330629725895494
0.45756365603323723 0.4575665482153626
0.45951824664158814 0.4617345123166216
0.4611877636349455 0.4674665142099253
0.4269677138618936 0.4675484961930034
0.46333972207852747 0.47127958424239497
0.3755508321948531 0.4736088974517233
0.46264539714660735 0.48106141733737157
0.47418025662943086 0.48287220595611935
0.4551059064380381 0.4832226545438442
0.44318621000979574 0.4865837004020509
0.4754248820935656 0.49064798189250064
0.12799225419442714 0.5007218939986993
0.43064141309923876 0.5011012678394221
0.49705465994476866 0.5048275277636526
0.5314459603584722 0.5314711225696845
0.5339348135553138 0.5354318449976614
0.5179441212610933 0.5375937182580823
0.3828344401671139 0.5457066876066582
0.21843292142132634 0.5523714234152418
0.3529557252828684 0.5579602019326996
0.5555101747232121 0.5635199882579432
0.5759076205433552 0.5762215049417716
0.3063822504455761 0.5806782838713963
0.22052069125730714 0.5828243754441064
0.585685643444851 0.6003046354547998
0.22204540110321186 0.6012576066491582
0.35866959210745536 0.604694073540958
0.6047729109191247 0.6162902483321709
0.618428649815836 0.6198833423702488
0.594186113896747 0.6209197207935142
0.19304439376338253 0.6231074013810779
0.631715897460143 0.6321490246875359
0.36270833654891493 0.6492988973193944
0.123994860586854 0.6726400211348975
0.15178273618095464 0.675674803356663
0.5023106697712023 0.6928822318597152
0.6761260645960553 0.6940525886246558
0.7041275971274088 0.7044538598918064
0.7077345966232937 0.7079725357374376
0.16154242344837041 0.7326697205117477
0.18956399249816974 0.7384522011842211
0.241085683539514 0.7406083057634163
0.19551662770822537 0.7806175450471172
0.15898297960147753 0.8525395413793668
0.7830583769312616 4.000000199215351
4.000143801638568 4.000144350780741
