0.0002653042618992579 0.00026939792711190086
0.0003863695420224056 0.0005536281322334036
0.0005836642215760161 0.0006897045377997578
0.0008181287008387077 0.0008565627153444812
0.0008148139377189827 0.0008631431708673648
0.0006570300064432032 0.0008674778308139596
0.0008656160577642086 0.0009162617888263966
0.0014071549269657224 0.001436843821134435
0.001615031387446105 0.001897995314233856
0.0016335948947415573 0.002011412295042572
0.00207582581407136 0.0020770856128019695
0.001880526589961211 0.002141386817869801
0.002888368652257212 0.002962427071266205
0.003305713249315468 0.0037408235062564195
0.004362232929996119 0.004554992607284584
0.004649427774805182 0.004866079935816052
0.004744207044010449 0.00489036354531554
0.005067446996003968 0.005335100059956937
0.004417510802710638 0.0053759259577502395
0.004681502268669837 0.005655757485525285
0.005824549334119774 0.005895761058809891
0.005844102429783395 0.005927359394799531
0.005428696553721166 0.006079780075704753
0.006164765520377093 0.006421816620382351
0.0057717066691707055 0.006568703118903574
0.006631874852339337 0.006645174317452246
0.005681366609030253 0.0072977594115748905
0.007085685576531684 0.007369910129684061
0.005949982247652242 0.007419264730182774
0.007383068975858722 0.007465816796865035
0.007250603515613128 0.008440242457056704
0.008452011893946398 0.008589225624389898
0.008287086075331433 0.008724898526606571
0.0091670558088721 0.009309846940209313
0.007615196801319557 0.009380767580729206
0.007906793107946477 0.00947849874595271
0.007776457685089009 0.00974134310162742
0.009432653044659504 0.009893727400527248
0.0066118078193062695 0.010242090082729147
0.009717719409998419 0.010371362047805373
0.006793829433260613 0.01054223271055315
0.010601990983834422 0.010620693682136792
0.010949781752088448 0.01099840942712048
0.010999870312245 0.011125528949098696
0.010066312519687209 0.011178465045977602
0.011549321477378314 0.011554027573247113
0.011928603737093778 0.012057060156625369
0.011682126382675831 0.012171739418812262
0.01173368010742424 0.012392961241706921
0.005047101086289177 0.012481004036284396
0.009530234898895667 0.012725955085100826
0.013116625973001783 0.013140999748327921
0.011886251137187396 0.013335972696246617
0.01295048186461932 0.013397128519763685
0.013437945153013402 0.0134395393215208
0.008309883475083041 0.013700514948460031
0.013070378376796145 0.013761351295547852
0.01269581410489935 0.013909984333071787
0.013722774287924 0.014217738742789475
0.014206919921397571 0.014230073259887751
0.01240951057350684 0.014405109068901682
0.011823595828200617 0.014660632067600179
0.014239608854356507 0.01553824205885496
0.015808157794594976 0.01629807578102286
0.015584601097485468 0.016788249965497576
0.016850631723210097 0.016885427328405075
0.016243262105692383 0.01791600732695323
0.018155660814621565 0.01860161002759375
0.019475320100241694 0.01970892218251739
0.019533722295066485 0.019760942630565492
0.013231010649972196 0.019793727470933185
0.018533936009712506 0.0200422877989853
0.020731421997280255 0.020756178790521645
0.020817065095591322 0.021215381650777482
0.021695901792326652 0.02174658954673489
0.02052672806133015 0.021869803861466808
0.02137084452911673 0.02199699314795433
0.022179617458617993 0.02222093116208144
0.02219576140691781 0.022445976308078756
0.02294493014899408 0.023410967597635696
0.023826482508798576 0.023834392453137215
0.02224478708712928 0.024054172480677122
0.0241348717852056 0.024257816452415686
0.02438048621903474 0.024380577020511957
0.019412413411123017 0.0244886717681123
0.025319652680404783 0.025387920808100678
0.02360496359232976 0.02541150094776157
0.023660692194095796 0.025635484200264954
0.024406817467502676 0.0256627787485022
0.025853548441337918 0.02607284853232855
0.02020006161132261 0.026368411975393663
0.025631998500883563 0.026488678082142544
0.026533744454665633 0.02667287238236829
0.02599729503850612 0.027315312579958832
0.025504260722573797 0.027443266945016826
0.02756297293856543 0.027621990069180494
0.02606427590894687 0.02807929870151161
0.026623786796791914 0.028498938027362537
0.02921028106569156 0.029389368666906775
0.028909592982467536 0.029656508465813896
0.029671550282179746 0.029674435684362073
0.029805321279095267 0.029907030701330623
0.027867125672390403 0.029922204363949018
0.028707020359306737 0.029935719109934745
0.02960210189751885 0.030182949496573415
0.026003342012901703 0.03058285968435864
0.03020169734982253 0.030698296968679883
0.029837169686377323 0.031147611311249136
0.02568923271380761 0.03150977554009167
0.02346352951505836 0.031559880571749306
0.031223507425903192 0.031861033911652195
0.030448774238033563 0.032244164209569846
0.03234239525148714 0.03234571011899536
0.03234044213149583 0.032680804375863716
0.03028744030957705 0.03306070106763405
0.010947827486396099 0.03366330631767201
0.033560146021672094 0.03369800287452191
0.022005520029110045 0.033781114411952855
0.018462379888882177 0.033932838706072124
0.02695154739552946 0.034164730184939145
0.034179442186773615 0.034236370415625036
0.03449798197530907 0.03513923904521291
0.03493785854778299 0.03530931181833874
0.030612374285778118 0.03556420288191367
0.03353778439517421 0.035646205042685564
0.031447202650036386 0.0359336709554492
0.037150953556723806 0.037151042262847926
0.03643817558222912 0.03726674015419001
0.03170709574103087 0.03767049181517521
0.037488827896155597 0.03787032802627036
0.038180754568372235 0.03833641979988202
0.02890022822783734 0.038667957620481364
0.03732549215958435 0.04045049476385419
0.03576932599364333 0.04108204483049668
0.031023602867386462 0.042354455162165495
0.04356345276967036 0.04366586794531738
0.040351985864866886 0.04441273937300388
0.043543155481994576 0.044620916183602546
0.03208419548787103 0.0452051057225711
0.037538898505484315 0.04719877872425754
0.036514516421092075 0.047313630644434036
0.04578448836830545 0.04804148380322814
0.031782627155204995 0.0481774167517985
0.04136723852429961 0.04874083182260448
0.04069986598427832 0.04887081063388982
0.048566423617399254 0.04914278083006137
0.04996454291040512 0.05019116015156468
0.0476305736124244 0.050298701968555404
0.0430057117194394 0.050784432737242764
0.04650746359829889 0.05161156648986231
0.05096898789125604 0.05198165482612456
0.03725385776306163 0.05198524468571648
0.04701219663001752 0.05202171696667491
0.04907092842657135 0.052643397713571
0.05069120506319051 0.053519211147141095
0.051676275567607434 0.05396334170086395
0.052665834696045 0.05413719389502019
0.054549366569643216 0.05516835718949117
0.05147748621628559 0.05518379911686702
0.04448969087622412 0.0557261085471954
0.048135746444450456 0.055820444914601426
0.05543541457797466 0.05600046923319404
0.0562385021082006 0.056426108952559756
0.050213444597913146 0.05647880883395587
0.05098100265298936 0.05656932224059365
0.04884758501993315 0.057266526549168
0.05735944742184577 0.058058291070975654
0.05247374962326333 0.05842028942191039
0.05984406101255691 0.06039939233990425
0.047857238939641576 0.06204244229692597
0.061634257235581524 0.06278580548230722
0.05586490620877518 0.06286033230257924
0.06244905248580679 0.06300303834230551
0.04387322555129201 0.06302298177078282
0.05621407201443454 0.06322269504237722
0.06330269792486665 0.06333684368623872
0.06286265224057354 0.06353636338376577
0.056034212621726136 0.06452586750216663
0.06497245714556239 0.06504362956424459
0.06526646184125441 0.06527938478252335
0.059822268060665144 0.06531701530553896
0.0639218905866127 0.06557979040844508
0.06548603163440134 0.06602746575625924
0.061436866943620785 0.0661137882140906
0.05939949618646103 0.06667803702014838
0.06672924669850634 0.0667464175860822
0.03502790791355998 0.0670084423452041
0.06644467137986991 0.06735489355516355
0.06741746982329927 0.06742168045322593
0.06281817588342258 0.06913505912637741
0.05699189054718533 0.06919171238039115
0.06905372805300505 0.06929846209491941
0.06992843001383169 0.07006484888733366
0.06991517588877409 0.07048362044424836
0.06062578390712654 0.0705421006834857
0.07066776953659938 0.07135959289781742
0.06781580310120514 0.07159273567424819
0.06150717706871529 0.07169844302966152
0.07168423437785251 0.07178925318537317
0.0638053631940065 0.07227888426982139
0.07233811182288713 0.07234025875117954
0.066734541244897 0.07303065198805528
0.07389951439022989 0.0740366092116755
0.07245886133474848 0.07450985525818309
0.0721148539955205 0.07453384046160506
0.0696779623955125 0.07534395488529862
0.07573940851366583 0.07621780637330541
0.07679719552244339 0.07682352425137273
0.06874508403307052 0.07724535449826685
0.07414937179740706 0.07770766983817219
0.07787189809129946 0.07789327938101703
0.05059130505912391 0.07803179289549098
0.06274231951940383 0.07843482898524197
0.07943058522648999 0.07945980056671786
0.05755317707635837 0.07949000515469952
0.07588215335749736 0.0811936462260153
0.054065532425980625 0.08158154013471758
0.08165200313306407 0.08166218235314052
0.06006515134788303 0.08244818940055779
0.06683941360900902 0.08287820317280525
0.08248006054226631 0.08300101671135918
0.0832621140334495 0.08330046292015464
0.06591539906711104 0.08330621938782284
0.08322101429180231 0.08334670748832276
0.07534096951894147 0.08375528372607322
0.057121987179311995 0.08381726354531802
0.08373505493787206 0.083922056516667
0.08089357756354834 0.08403151575705142
0.05514484079320059 0.0840572687443585
0.08413993547643507 0.08432956386069793
0.07301015822749113 0.08478140995256025
0.07533337072048321 0.0848681950318386
0.08386340789083159 0.08574289076369708
0.05459949273671771 0.08610130439867517
0.03547586131144477 0.08834642369263065
0.08879059392053756 0.08881724906592668
0.06862951842865858 0.08897052136205333
0.08557142340453879 0.089729658472159
0.06919502027651006 0.09035679302200687
0.08942102342424979 0.09052553256390933
0.08728750882156813 0.09057764521131742
0.03140024529249038 0.09126490107411264
0.08799481691849023 0.09165724154550431
0.08463967135107854 0.09179986269226517
0.0858128825020609 0.09181885305119533
0.0889759867559404 0.0927945507110586
0.0920278511516562 0.0930034807256788
0.09303018970421899 0.09303190740510692
0.08579432363315334 0.09367449251164098
0.08775023535222282 0.09441707010489436
0.09432031727674547 0.09465006251352363
0.09488912254683643 0.09489037088176308
0.06890899103823778 0.09541691900300589
0.09135687079856133 0.09617333236420988
0.03631296730237424 0.09628624854523259
0.09633343450422172 0.09700570596944064
0.09735950191583516 0.09743473873240878
0.0960658492543393 0.10033193653428514
0.09804225129432415 0.10052793757891328
0.08843488175973874 0.10065702867974122
0.09670785220195749 0.1007112595499479
0.10016244440627856 0.10096249045193768
0.0609256128365617 0.10177980916229268
0.09512892854287205 0.10197681540118472
0.0867743850275362 0.10299594816360934
0.07490738228546502 0.10430339595456718
0.10431776662367438 0.10634466718607916
0.05594622438385637 0.10714809185836566
0.10618852105616133 0.10832966836400398
0.08299952315094733 0.10852171131818161
0.08260318024217718 0.1089719128731226
0.0949615373395103 0.1092042150259016
0.10869406076670125 0.10921001411221365
0.08026362171724369 0.10950022454479717
0.0946994279508014 0.11182736396416362
0.10892224835296324 0.11310189202804874
0.11329975504886673 0.11330288582985942
0.05834600518893902 0.11331848549906315
0.04844729754392098 0.11367253128883412
0.11362018498519987 0.11525024910225097
0.08265825918199701 0.11657274284343919
0.1207910524883353 0.12079332281309231
0.10818484430445777 0.12110253956574595
0.03913306751793475 0.12234130954673665
0.12372073027067415 0.12428069797842206
0.12446415543998236 0.12486425191799043
0.11586173583734947 0.12507711417720976
0.1205012999355071 0.12509625186402495
0.12402037614648062 0.12559168321234787
0.11345961847081283 0.12602940244217936
0.1108187088036777 0.12736585430341887
0.11861551874820372 0.12771904635550815
0.1026972512364951 0.1282945736621081
0.1277824025372735 0.12864645884076523
0.127387971592052 0.12940142428574794
0.07936936252300485 0.1312810300059238
0.134600738217813 0.13587614211856694
0.13595622380705552 0.13616586459171945
0.12923049480847565 0.1366752801672455
0.13669771859628624 0.1371424783063424
0.11060644521075623 0.13740439512935224
0.10513212226613664 0.13804331244602816
0.13417597699821926 0.13853568901235136
0.1386060943162872 0.1386407286648154
0.0829500977305258 0.13964890062354318
0.13986139341947987 0.14025322532454437
0.1356522449882267 0.14107421395619585
0.13917839891733186 0.14108586456697922
0.14151188343908852 0.14166600789440742
0.14259592709561247 0.1426578059568623
0.11388674619301559 0.14299805992526082
0.13733074267988615 0.14347938434458413
0.13586031467716195 0.1440966033378376
0.13926827983779044 0.14413702959562294
0.0876986712090981 0.1446430673014069
0.14520483704460596 0.14545840935167306
0.1454629223314189 0.14546532567902548
0.13603555249459198 0.14631606226345467
0.146822312942401 0.14690757403823076
0.14695158176628814 0.1469523019399312
0.09508756007872018 0.14925423797479273
0.12833500727411193 0.14980177731625494
0.14897129796864975 0.15015932846812763
0.13747166804492705 0.15152319980481582
0.1486546418863081 0.15274582326048028
0.14353128991481323 0.15363822151837295
0.05423113020792346 0.15376809040083236
0.14501538491208527 0.1550082613988614
0.15472540725234182 0.15682159876981414
0.1552269559488601 0.15705156634786616
0.15676083777794458 0.15819707278552078
0.06392183082671753 0.160447166184499
0.15979413217466323 0.16046240785743007
0.1614272004978165 0.16162303860547095
0.1418975313029869 0.16187239411126225
0.1467360220295106 0.16349920276806454
0.14953954553077115 0.16409667464141678
0.13108283986595684 0.16598800428368737
0.1666468351777192 0.1667718086651315
0.16313670272934783 0.1671709067250046
0.16802606577660845 0.17039594490484805
0.15536473662185132 0.1705943805162095
0.16733758406979332 0.1707829277037828
0.0960454835754206 0.17127284140312896
0.17153279872409885 0.17155238541917475
0.0843020111599769 0.17295827348167156
0.1570665608296167 0.1743371019680684
0.17557631381452765 0.1761887461221828
0.11407210922856967 0.1769002922271919
0.1768707902556338 0.17761836834810754
0.17610227257732708 0.17838424931831445
0.15554381167833842 0.18207692963201663
0.1689028027959497 0.18603131204049717
0.1876493398285777 0.1877184335695835
0.09702739809616809 0.18859128044819898
0.18765936707352832 0.19055391210618505
0.08480038707925652 0.1919045739146208
0.1857220559082467 0.19410440473047963
0.14607142737287554 0.19698660289114217
0.19709114451298446 0.19824795455871883
0.1998161497248308 0.19982339663112567
0.199915161737558 0.2007932393082736
0.1979429202854913 0.20269739463186734
0.15143684625169432 0.20331283222602742
0.1903355614574272 0.2036609152984323
0.20507433312528056 0.20911183047676504
0.12435928391743477 0.20952170686427699
0.20973306418267512 0.21019235808903727
0.20619962355329816 0.21260322153492758
0.21246740789863636 0.2128887438123556
0.14788607873546092 0.213429860322233
0.1729471423755514 0.21382352930036408
0.19969357016752362 0.2145617081701021
0.07623852030966698 0.21522701572441355
0.11862047305055808 0.2156997278897327
0.21071937417658135 0.21618300595432396
0.2101008375266862 0.21680883756662395
0.20463888362460309 0.21684458497273246
0.21660260104423534 0.2168721992151202
0.21838196764678394 0.2183823293076153
0.22208392509826114 0.22240033332018966
0.22398464875185814 0.22433153836554423
0.19589103140624342 0.22483029920175085
0.12258468651479079 0.22534323944534684
0.22254448837313492 0.22687065664326747
0.22864582230360847 0.2286461089809781
0.22204161762037128 0.23154335142321839
0.19731206841185284 0.2317477963456281
0.19313251922294392 0.23197776776957735
0.22757524049361805 0.23207464765723948
0.23396694641931273 0.23408883096187297
0.235313878216799 0.235359089706755
0.1396319420454062 0.23537484127621755
0.23469413084364452 0.2356246781466915
0.23386034000569395 0.2361950076669067
0.22608290614803128 0.2377019273918553
0.23921063784770125 0.23922772205081838
0.17787685263949812 0.2399991743511437
0.20709501156387614 0.24025004713592868
0.23909641290418412 0.24388040756438953
0.2362840655485986 0.24418610999995033
0.1121993565064548 0.24555288813479637
0.23529879858534808 0.2457566660023871
0.2428478508097848 0.24632553716906536
0.21628519547380648 0.24704679965814022
0.10275250966250406 0.24991112503877239
0.21809111528552977 0.24995702025632976
0.2401466148885168 0.25016406442330996
0.05927057689949086 0.25058626338782225
0.09980207497079531 0.25164876238754924
0.17923215902288386 0.2520927341019297
0.2562330680360079 0.2564939426541178
0.2409820348346876 0.2568713884652132
0.26032350704873664 0.2603430543879888
0.25033839325022944 0.26161628318376406
0.1905462719294256 0.26174720684967423
0.1317311282229211 0.2637528951317782
0.23352487867074767 0.2688863919329186
0.2617546682396114 0.26901260034819513
0.2703510605343464 0.27035135200742705
0.16856171762038186 0.2703636539015055
0.2566147994026557 0.27217226962196156
0.27429749927606817 0.2746628296625139
0.1345964453265495 0.2759523397889005
0.1645102514133296 0.2765572190585378
0.2652519328266272 0.28064424482465733
0.2807748622184174 0.2808385689144149
0.2867139145125282 0.2867163146117089
0.18490758809120814 0.28883639949503026
0.283054038137661 0.29041375367879735
0.2889000671641867 0.2910795319951346
0.2701966237352421 0.2915918038591466
0.28744725222339723 0.29232974417735785
0.28815889571439623 0.2937588362847423
0.28508370600190064 0.2979768086601646
0.2960767397947667 0.30863814220131697
0.29761705620426593 0.3089368784311031
0.2611247931453867 0.3101844588524803
0.27216997960512507 0.3106437991076726
0.2458064331641045 0.31090570141863383
0.1746477847007868 0.31403381969967836
0.09418663314622817 0.31491578640901025
0.15591284858278837 0.31492910660384343
0.31925755781238924 0.3193239088613044
0.285693998042826 0.3213942124143971
0.2226016008339251 0.32350203208678346
0.2625774184306251 0.3278040451080853
0.12368138425318465 0.3342894454836142
0.12172414970099851 0.33439431349119286
0.2583403671094219 0.33506886347058723
0.15378481791954554 0.339489027998186
0.32617081802032766 0.34089208444918156
0.25407013280046503 0.3412399337955793
0.3346529845152374 0.34129317221254396
0.3335923115047242 0.34225729376126574
0.194932479012257 0.3432140592518778
0.33607723969558156 0.3444815092486253
0.3002788307032388 0.34787276766621006
0.3471465333480587 0.35238825436444976
0.1520912603269119 0.36320398889933675
0.3681979885818252 0.3686778208087928
0.36315664068444353 0.3742621629851079
0.2958872312654544 0.3912518648248662
0.10120698513434484 0.3951091688894141
0.3782794793862604 0.4051422590572394
0.39919466170057605 0.4056170714731418
0.09797379733791227 0.4098876463231744
0.1506468676383768 0.41083616904271325
0.4095909542768249 0.4109208742117905
0.38316815438784524 0.41283177170713276
0.41572159025479466 0.4173883492876568
0.39351403113727534 0.418434427811325
0.1591965294444737 0.4232704485408346
0.2917969242653454 0.42387540206746915
0.4273804003649608 0.4274481775232175
0.3179803669879391 0.4314144725833641
0.3099300828302722 0.43426463181171593
0.45188177003079383 0.4523170359933662
0.4612404360589948 0.4630016177401232
0.4159262555352896 0.47024284179426057
0.4702302008028965 0.47061572811589464
0.4549209327016842 0.48109619741772996
0.48103257970559116 0.4814414635260573
0.3533340359622945 0.48308946496043603
0.20132114062088868 0.4939255624253922
0.49786061183458646 0.5000220633294726
0.5059626123908529 0.5061726621176745
0.1757362739577086 0.5120903665532507
0.49345533035280303 0.5157839228925992
0.26331962092209593 0.5162233928182351
0.12905320244866644 0.5183790772302228
0.15680805974624937 0.5517845197920188
0.3138350203455209 0.6311664964810765
0.13069734885943593 0.6955515176649523
0.7444889494588998 0.758578594768223
0.08685042101733068 0.771605927756891
0.7903703442859525 0.7919006711990152
2.342416592053908 4.000000185951576
4.000891158261867 4.000891262819209
