0.0033703286145425936 0.003801688916709238
0.006004673018265644 0.006057922291767757
0.008279320250752929 0.008383913659202647
0.008320904054957468 0.008463217027105606
0.00852586037368703 0.008593134138678016
0.00875911763058888 0.009301350835431432
0.009882475423944981 0.009897792443981241
0.00998973848515677 0.010023091562148485
0.009975614961877939 0.010749329005433404
0.011222710934323475 0.011222841059654815
0.01262958564318753 0.012636887683221869
0.013880778067788618 0.014298049589847605
0.014785354782820422 0.015638043846342466
0.014266131419065057 0.015651062539059457
0.01551664204437268 0.015895719105942802
0.016490217680743883 0.016494729660538075
0.016100216519516753 0.01795899534266854
0.01873898692826985 0.01880795654165953
0.016136924228555286 0.019311472059514487
0.019595581364120353 0.01960715906349182
0.018113773649624375 0.019693770928813213
0.01995156448491288 0.02000057600735098
0.01950830020193255 0.02020172286529882
0.01968205366369914 0.020248192811547133
0.02036595579835382 0.020369636243556984
0.020800552381720787 0.020898772076071423
0.01862888780978389 0.021550609435355236
0.020507787603861165 0.02166523620824926
0.02108632675284868 0.022068204474199774
0.02098440588818056 0.022351399000486234
0.02053035219419918 0.022798419087368113
0.023054119038163703 0.023916871149896674
0.023921825020312457 0.023923183885575808
0.022650019456024562 0.024030796461628205
0.018719648807082212 0.024669235027105937
0.0246741604926608 0.024677840773256632
0.025278874113282813 0.0252947937702631
0.017982851466296145 0.02539882475915506
0.02578911509547762 0.025800428136447624
0.021891690065951246 0.027018175832506548
0.028195714654731863 0.028317982020006557
0.019008464702214265 0.028455053585126483
0.021308353797426436 0.029025907766416236
0.027784611936107994 0.029252314934279666
0.02306611220742707 0.029432628660217803
0.030273655901274094 0.030860566097784276
0.03067059570044879 0.032506825634788836
0.032397145536670335 0.03302886618149598
0.03081871689924914 0.033346470114616
0.03421777161465976 0.03500149523456395
0.03534528442837702 0.03613908533120332
0.03470177077592365 0.036334375467651114
0.03459078932451863 0.03692126738228456
0.03775376745605596 0.03872318233356953
0.03622410464982745 0.038920697650231706
0.038154579991002344 0.03899467187437464
0.033738413981100834 0.039464151592988175
0.03953056141289128 0.03956805483388301
0.03343446678118722 0.03974672613646714
0.0353478382095819 0.04064431349548632
0.03353881971534912 0.04127708363337354
0.04189482020242459 0.04191436020700091
0.038545953657267075 0.04192359364910858
0.04180247286604049 0.04222788439328138
0.04065075290509249 0.04314360837898574
0.04337074370017822 0.0435857298103569
0.04282878373551331 0.043706324049890305
0.042681952721542016 0.04415753037779222
0.03658548882914882 0.0447156437671944
0.042601907929311005 0.04485401017485482
0.042799194134119666 0.04542021443371356
0.046087279416678846 0.04618084136735846
0.04630623572623141 0.04671611084732144
0.04692322422726491 0.04693886943374672
0.03551135757957398 0.04723068735363887
0.04590133147002312 0.04749037036395644
0.04869863387668318 0.04878688430868501
0.04822295863213223 0.0489010744997778
0.04657142238633062 0.04891346569259438
0.041828208577995685 0.049009034594370116
0.04493650631826367 0.049103099009382783
0.04952238400758227 0.049931867131819366
0.04998677598769102 0.050206334754035895
0.0479898334057906 0.05094539705568786
0.05088773329589927 0.05101486607236157
0.04213635942950747 0.05188438244789398
0.05174239167756847 0.051888801530465656
0.03278491046731505 0.052072448557454576
0.05207740192607025 0.05210442653205239
0.05373869590829908 0.0537492300239566
0.05266059102172308 0.05442892215382287
0.053629081304936946 0.05522638789303881
0.05072052738820264 0.05537688102221591
0.055651742536570986 0.05565181634851728
0.05340696690047681 0.055802489433564084
0.05598646456351198 0.05613941278588309
0.05459533164052117 0.05617241897234681
0.05446161830130562 0.056188868002319446
0.05445337148228508 0.056367510887414624
0.05569385071227393 0.056585148796149815
0.05235717799446535 0.05692603607785505
0.05291492831227038 0.05712299624089146
0.05553068201267313 0.058041664572248075
0.0484187627498818 0.058206344597266785
0.058603137391722425 0.06013026940429051
0.05113201559346623 0.06081835509852247
0.05996857806937867 0.06174600343497443
0.05968484276609408 0.061863080061611085
0.048266588398401374 0.0620915890975165
0.06242430192762257 0.06242823853669311
0.05903614309139507 0.06265050096301387
0.060638452045597355 0.06440327357998375
0.058908484243664044 0.06510177256862985
0.06337793339640772 0.06570593807202957
0.05574153706942634 0.06590717354838346
0.06328370303027506 0.06630699666653131
0.05754755713586384 0.06692188475043984
0.05046028249823842 0.06697268439914998
0.06047708784898898 0.06794999685343817
0.05599704315388872 0.06813090172339212
0.06855405794466675 0.06858774793596219
0.03349382863197714 0.06971305580498234
0.07022141169706966 0.07045644365862086
0.05605474130172203 0.07128332164551594
0.07126075417932648 0.07168704785175006
0.06895781541014198 0.07205673818881027
0.05143052106921302 0.0723107825923707
0.0711867991137809 0.07296140726037181
0.0698645966702667 0.07352832887260012
0.07123550750616649 0.07354259912227715
0.07255805349287674 0.07374074449761871
0.073646654206519 0.0738130352039921
0.07360317145160147 0.0746721812941758
0.06263993090792858 0.0747814483543879
0.06180360340452906 0.07492254809963603
0.049989030710191076 0.07558746369965967
0.05633323089332395 0.07591354356665352
0.07569168986379046 0.07598690471650893
0.055461504843850935 0.07624670384185883
0.05193319612587199 0.07637345422078559
0.07613030009994598 0.07687371408525141
0.07742922918676728 0.07848727982471987
0.07932788381156497 0.07932791830397823
0.07739172659311358 0.08032446188120472
0.053465019907095034 0.08082411601251621
0.08243659212909218 0.08248742577323573
0.05660400847972029 0.08302811951150114
0.08305423966867342 0.08325376508836471
0.08224201911688404 0.08337024531439224
0.03365943161786244 0.08384284094219518
0.08323815160700351 0.08419771006389166
0.035653917887881525 0.08432043022815011
0.08356178799905918 0.08491134028454607
0.08393766234903667 0.08548563405744668
0.0861172290547384 0.08613019198385675
0.0871542903948979 0.08798011715323284
0.0842815926887059 0.0880689789499198
0.08672833541283247 0.08910079543016279
0.0884623979788856 0.09149985724190178
0.09046251096682693 0.09216141404319289
0.07186171971851212 0.09407855034642616
0.0922836668991895 0.0942739983165441
0.09487866657661545 0.09494818403355516
0.08345370397739062 0.0962734228373862
0.09641662364383774 0.09683939861735881
0.09377120764153458 0.09702959653781992
0.08127727579895434 0.0979415271458001
0.09700860415837761 0.09805267652037875
0.09496735180650658 0.09853442865019169
0.08328580941991431 0.09880861596820402
0.09587409250407536 0.09881265183991766
0.07619719022972248 0.09891469470253143
0.033354939753248214 0.09931993525829758
0.09903530027649358 0.09962801920822062
0.0728185600712367 0.10041618313724425
0.09612754829592965 0.101092330733669
0.09319556232377933 0.1018638762032601
0.048434884725846464 0.10303452554125923
0.09963056624841879 0.10339121799790277
0.10289177262781725 0.10416071819019074
0.07747725800056615 0.1056185043075567
0.07916956405459391 0.10649920463878343
0.0865719709117895 0.1065059459824054
0.05941911064160906 0.10694480371529304
0.10517645084851188 0.10695551326696305
0.10562987719297298 0.10695672057177759
0.09069303734938913 0.10743471885124896
0.10039903278498301 0.11099925016463612
0.09425541149937343 0.11113307854105957
0.11180375486004143 0.11180375487399315
0.08607398143496907 0.11267096178789719
0.10947244955880087 0.11343302989436053
0.11190702213529115 0.11361786016411526
0.07251800528871456 0.1138171388615739
0.11049697872742378 0.1139073185981635
0.11243779647048245 0.11411420452547004
0.11237847575160267 0.11421363985625957
0.09503798646372882 0.11614961296982688
0.1175251711580789 0.11760461927499448
0.11416421530710641 0.11900937960569143
0.12188241186024984 0.12261389748206145
0.09487424505959927 0.12331908252188394
0.0997787876595645 0.12379142555148855
0.1213602877673309 0.1253673326888598
0.11786837841643924 0.12537685338017646
0.12370056993596612 0.12541178851918153
0.12917724145285897 0.12919164888339826
0.09318969202223235 0.13283336145208846
0.13659173135485528 0.14083502687461494
0.1369235011619259 0.14274278537219476
0.11196167230908413 0.14313570745353166
0.14248693338782015 0.14348354990755358
0.12678930857723944 0.1447212669396275
0.1426729579583106 0.14522762974580236
0.14392298619541818 0.1452469323889408
0.11093336795735492 0.14595552376794507
0.12171733672687514 0.14597580811747235
0.14525328910748841 0.14727195929987552
0.14692314666424708 0.14771339085215815
0.14798676839420116 0.14811961486773126
0.14898538129012884 0.14898603834301796
0.13760786810194214 0.14953563391592112
0.14420867771989243 0.1500406023697459
0.14405198103161795 0.15149210332665486
0.08887416376580366 0.1524096024725894
0.13917794515999155 0.15290400340348195
0.15265304309882977 0.1541562834662019
0.11428267577668237 0.15518122793969172
0.0811392223175742 0.15614541984049413
0.12741134915795305 0.15808507656880405
0.14786042195339436 0.15950408922327258
0.0814845988515432 0.16196740763065137
0.16496155502273455 0.1651230047364918
0.15877926356530028 0.16577552135318727
0.15163132875242788 0.1661330108611003
0.17042914968602646 0.17047003087757404
0.08079520128036152 0.17134473378891696
0.15143770516888133 0.17197163882432887
0.169491035358168 0.1728125210827045
0.1467593126303996 0.17340614968446538
0.16862695806674688 0.17370080237674745
0.13677103622394818 0.17577299427764295
0.17435601807081258 0.1768960392895448
0.17632728196416939 0.17743457711278615
0.1501845637652354 0.17774692220030608
0.17361924307565307 0.17781741382612534
0.1740522729867403 0.17901313338555208
0.15413308332422343 0.17916327021602227
0.17970484917536347 0.18097536408609582
0.1794116190653617 0.1810683379447369
0.08663497328251417 0.18540586813241924
0.10910539567689242 0.185747214555824
0.14294038978792412 0.18646713413698818
0.1745734152309677 0.18648534830463592
0.06948420698187467 0.18655263181682574
0.10834484453475238 0.18671785004454156
0.1878346967593508 0.18891165295850376
0.18514406188786478 0.1894483449537864
0.18513051106723755 0.18954762715415646
0.18738191711652324 0.1901253417991331
0.18678914406706387 0.1903753528707107
0.17924787374375095 0.1911104600559985
0.17982100631480064 0.19144036848677534
0.1833092867933518 0.19225648120896194
0.1911119795877609 0.19230580423247579
0.15645739323066363 0.1925075061571437
0.15643190309529378 0.1926721432462212
0.17804868849802655 0.1929221130207959
0.1907236213931662 0.19436655066591382
0.1945333700599092 0.19551380536913626
0.18690973365032634 0.1964971895453568
0.16850024912789702 0.19656861468086934
0.1945308494993065 0.20101440694514505
0.14440043522653603 0.2018017266834246
0.2011424760716959 0.20189114243417983
0.2005136237279393 0.20208200296629278
0.1762204618186609 0.20273150021257527
0.17140610110274168 0.20390803683395015
0.19463356247277452 0.20891359859849754
0.16625679561834322 0.20929545299626107
0.20471340665779936 0.20962964996706193
0.11446385523012646 0.21196672315785905
0.20320553049117954 0.21221398971372696
0.09141189454529319 0.21289923166348163
0.20768676808260197 0.21468832189702203
0.202767501475334 0.2172902694210579
0.2064847214451962 0.21859741984390393
0.2105795327325176 0.21978858722374867
0.21642729095756963 0.2211559664189804
0.11900589599249206 0.22179905694373642
0.21445366653145279 0.22279808055294212
0.1299572801465631 0.22370475415010338
0.22389909488913415 0.22529472805782844
0.17881489189520833 0.22813301959938134
0.18394569155713425 0.22874305252024585
0.2351429294037297 0.23524607278211088
0.1985671854819028 0.23773404611666954
0.14887888451010234 0.24583603770653992
0.21332641016641443 0.25036175653456727
0.17040322596432866 0.25050586448161405
0.231269389776532 0.2513281447259956
0.2505699228300803 0.25294362554527283
0.1653883301286158 0.2535444422818987
0.2517184588786177 0.25443939501026364
0.24926548373424634 0.2583623870363652
0.2584314616330238 0.2597275120494732
0.2525019567000029 0.26283654460324196
0.2598839920740015 0.2630096176614265
0.17316077113990722 0.2642640989105494
0.14328640149087774 0.2643598982937743
0.26578168993454826 0.2663424737017261
0.26661639855841207 0.2666241691584345
0.26716661485644894 0.26744632737152074
0.10718367932242229 0.2693282951666647
0.266361215359847 0.26953028501582255
0.26896096613469145 0.2706177876068672
0.26743311124778846 0.2710200771501158
0.26017726254013746 0.27158156453663546
0.2707626018702316 0.27218192043626993
0.27326070002405667 0.273350061580658
0.27005706824803827 0.2737775040951263
0.2703832292187586 0.2738197018895995
0.2540142220864021 0.2762114830216103
0.24556476399777324 0.27819353696482857
0.26003967761480273 0.28033147081261184
0.2758399316881232 0.28302736103105125
0.25203953687958586 0.2838546085091967
0.23010144160797144 0.28537230676501224
0.28226223945772055 0.2874910057908962
0.28580707734761934 0.28768761278551996
0.2939315561468899 0.2941105452553393
0.23994898469455492 0.29654312996377247
0.2487746881976585 0.29802894181024375
0.22357631052604848 0.29817821500397257
0.29318802570995806 0.29828431853852355
0.20830941522184562 0.2994471385354408
0.2806067847108666 0.29975000267840374
0.2602141710558574 0.3003311039263548
0.3031458492337099 0.3032656277883836
0.3042175789573181 0.304501391382223
0.2910803277514743 0.30542248986058834
0.1377705642577992 0.30736316677447584
0.2883131030166111 0.31129796330509374
0.26803174441565414 0.3115875943746746
0.3075431579250697 0.31330060836226764
0.2570260439228611 0.31433352481876875
0.3126903712265117 0.3168375872349593
0.23685720093403956 0.31704389181802317
0.23725084786841186 0.3179584025439407
0.2813063364273912 0.3210952403748125
0.27921787380557 0.3219217799319998
0.30476411636640854 0.32559677146874555
0.31243840010043733 0.33024949836568235
0.3064441992994814 0.3308290557557081
0.3339217172886241 0.3340277705319521
0.22752132161726107 0.33589056331708905
0.33545171001789903 0.3368064354297165
0.29967715779313153 0.3399511950900126
0.26421677088574325 0.34038026901139573
0.3454860993269512 0.34684087534672986
0.24569545509815566 0.34891429931124623
0.27595165198639093 0.3531489691642066
0.32545087243748094 0.3532951329938107
0.3544548383775052 0.3598840387995781
0.3454631838332116 0.3613964455942223
0.2828573665910721 0.3653635499243647
0.3668235497025025 0.36703530952918617
0.3637409108878789 0.3674953588428127
0.36563950790474936 0.368853332368269
0.36642976744910244 0.36922875607996325
0.24504586576237505 0.370433602325187
0.3789830036547098 0.37922452461970074
0.30751482597681346 0.3804732389135074
0.37921263897778545 0.3817002857038631
0.3823140954772623 0.38277629893182813
0.38459121526284906 0.385912808754291
0.37002693458809527 0.38810874382066973
0.3928491373066365 0.3933955209661315
0.3926105044013259 0.39458534440019194
0.27256180373349526 0.3954728766206854
0.39320529963786743 0.3960811354342502
0.20439167222152357 0.3963400597739859
0.39580497443615065 0.397493364235587
0.229882070806939 0.39974029120501076
0.3981455746678649 0.4034415457934002
0.36257479930391 0.4046249119433557
0.3894457194859632 0.40528583577881605
0.39643265565230845 0.4065423471154551
0.3286638323720079 0.40827288471961726
0.3698519297896523 0.41444535219698797
0.1610589087709956 0.4176751604727947
0.38850644821715374 0.41926536718181107
0.41048356202158875 0.4209364423361027
0.37918156668290554 0.4216408884087142
0.3813055919420717 0.42288430920340714
0.04600907122918092 0.42290568219271063
0.43131047177763115 0.4313301018251338
0.3908537170380376 0.4325245852107525
0.43343974601216606 0.4395309827877977
0.42149177939051163 0.4434730948580492
0.43971472848083737 0.44459852428178226
0.4409093946332768 0.44735425801655876
0.42345033073720784 0.44927507002428074
0.3916395614959513 0.4509446914079485
0.40899477643330406 0.45244616016054817
0.4503494279473068 0.45286696902234863
0.4498671386767751 0.45511980464282764
0.4428175889574244 0.45529153853405735
0.4446650537513849 0.45602302481601914
0.44664009774545016 0.4565074178432115
0.4539605918583936 0.4580787532886294
0.2456755469522701 0.45840451951923145
0.28387983239826686 0.46095186980006175
0.43713690442117503 0.46125099623697946
0.43766610929432886 0.46230838000759056
0.35891574991853264 0.47019732598609804
0.46836163840223766 0.4712533762897962
0.4289327363657119 0.4758735071198624
0.4773788189573511 0.4776278874067785
0.35012588380073556 0.4779351926469498
0.48349372540622476 0.48353260281284594
0.3427603383355277 0.48548059986048875
0.4484577591443156 0.4882687610138057
0.4733988041281758 0.4928676676172819
0.4877762731877273 0.49426226383477184
0.49834565043940443 0.4998718839807962
0.44330439783532194 0.5000507244436746
0.49861282182444877 0.5007668793883193
0.49264822612510917 0.5014133163184199
0.49259912473888257 0.5043608340244301
0.2933474804988822 0.5077747812526247
0.48456272390081623 0.5109706417821335
0.5130016370512483 0.5130515165677916
0.422290391767683 0.5144785520762455
0.3144325554151855 0.5149774729280664
0.35781402374074994 0.5158443589820411
0.3160946898085753 0.5161879184180064
0.3388537555279963 0.5170286082931539
0.5145814367877093 0.5202867344344285
0.5048910952293756 0.5228542557985627
0.46641868994038066 0.5258913275953758
0.5221618511387376 0.5310523386470257
0.5311221055328124 0.5311640890088699
0.5195705932260037 0.5316507274017584
0.5115665349928178 0.5428360556604712
0.3521771904216762 0.544628641102501
0.5414848644169693 0.5474462091626834
0.5668818432623755 0.5684124286702128
0.367837482721757 0.5686414320754559
0.3998304917344516 0.5696167949096679
0.5634686192624658 0.5735337902789848
0.37028248753136034 0.5742110724622684
0.42256887898402173 0.5799174000206164
0.536709055953056 0.5822461946749468
0.5814379362856614 0.5842730703014054
0.22661263580999694 0.5884645506239371
0.5879557103693398 0.5948628755387529
0.4954605529073056 0.602005626422256
0.5501847897788525 0.6027840261406722
0.3100081197070548 0.603723859870203
0.4651029127743748 0.6109419733055564
0.617201148220959 0.617202214539896
0.6023330032945637 0.6242085171098919
0.6167337601681088 0.6248876210692486
0.6223409317392903 0.6310121877805032
0.6369904562740829 0.6381347057863483
0.23707284240328905 0.6382227604912277
0.6431586509923555 0.6432886370984771
0.6323110496103375 0.650497440126084
0.25870399179845494 0.6508848750994283
0.2691495534851181 0.661790129599432
0.2254922583106419 0.6651189694408074
0.22297037350410603 0.6688067266143655
0.3250371624120762 0.6713328737847948
0.44630105935908704 0.7005036839666902
0.6871972610919198 0.7009414984354411
0.5048643423248328 0.7060670136041549
0.34781673632150345 0.7160937881518014
0.14137130727647967 0.7208282723920245
0.2198270914061557 0.7229759806470104
0.7044216026667469 0.7346833452299774
0.4203489289781407 0.7517713372879588
0.31672488016537076 0.7536761268266438
0.20377597145128157 0.7848381929623485
0.792887030809369 0.8100974265999159
0.8135233707394021 0.8180989802842247
0.8200835087917772 0.8202717416907362
0.8201483507493483 0.8310114396197693
0.6931505782659548 0.8319035951296424
0.7609261644056357 0.835870960514209
0.7961213155228211 0.8598469947657261
0.583910193636571 0.8617590491579585
0.6763325262986328 0.86564300927641
0.8762020738661768 0.8780833158812233
0.7567470001784786 0.9056689999232381
0.25827470525177854 0.9216707310716535
0.8951123709584536 0.9343107579126997
0.9330124270873055 0.9351785450685093
0.32614937358422674 0.9358725053166961
0.3083673132701718 0.9393943736727445
0.665149776641506 1.0114030506847436
0.9735451643643479 1.0983839115354226
0.7009017762514025 1.139854093032997
1.2029252232080325 1.2091280698767215
0.340493233315345 1.265017933080167
0.276563324759146 1.3180748640984674
0.21965014312524417 4.000002301147127
