2.7992029768917744e-05 2.8262352578656742e-05
0.0003460350015908894 0.0003471021105507804
0.0008839158185258392 0.0008901717432335669
0.0008873975617328518 0.0009019224770198751
0.0008783251586888178 0.0009121719314740047
0.0011466192601667447 0.0012718006339110762
0.0014358037072078422 0.001483631275653007
0.001708779363427117 0.0017572590653441773
0.001607103207133208 0.001972561832160727
0.0018065939064230848 0.0020335924779707943
0.0020809095263183306 0.002201214028297633
0.0023711308666226286 0.00237425793028109
0.0022967107592402067 0.002447193934946167
0.0024980882519407546 0.0025381682770741383
0.002884709702358933 0.002888195860325176
0.002139068944504093 0.0031541071084277435
0.0029417708996606505 0.0031597109202208358
0.0031654354676298652 0.0032310251959010283
0.0032718994328125328 0.0033088040603338775
0.0035871556107388695 0.0035968977318841942
0.0036910113046978972 0.0037044088810784964
0.003472847659385824 0.003726040727655569
0.0033429445306029613 0.0038351385462396226
0.003693220276336275 0.0038803607887165845
0.002307801392617406 0.003942042376097517
0.0030296025219399194 0.003985817060389608
0.004033836684736847 0.004079625754024438
0.0041289815182825465 0.004137912295138889
0.004278601738409044 0.0043615789362014025
0.004615758604660616 0.004689330495443168
0.004003796540011875 0.004979513290195946
0.004425726499769094 0.004997164653854491
0.003974510946095364 0.005119033891928721
0.005089727328387559 0.00516113806702669
0.005119263528208627 0.0051874913481373686
0.005273621575643008 0.005362674376570935
0.00339818314860159 0.005603604609127064
0.004554112066028982 0.005626454445565716
0.005624094166836071 0.005665916204407811
0.004850139508657852 0.005671954759604375
0.005408403106291698 0.005700423002295896
0.0057066624423085174 0.005871983076584983
0.005154957866468509 0.005903074442696481
0.005574555548237887 0.0059906502569896354
0.004810215074859521 0.006067498148788617
0.006153943572043878 0.006367376082201416
0.00564618465339996 0.00637098387181816
0.005869254511295803 0.0064581904931235255
0.00689578788651792 0.006896068472400342
0.006838364136773234 0.007111346280501301
0.0071402769505677895 0.007142766081446419
0.0071768411975717305 0.007185424448025298
0.0040561427798068974 0.007420523200780571
0.0020636355675863207 0.007681288614273136
0.006203342270938593 0.007793942930202764
0.005529659639835483 0.007856619930278707
0.007748042164904196 0.007887133131716378
0.007633303161386615 0.007968941605389544
0.008172998477227925 0.00822711285739978
0.004089548556895373 0.008242406790650754
0.007453480545071435 0.008332135293732687
0.00845124226926343 0.008504191109202999
0.005012493681276506 0.008705215489665526
0.008602704866576076 0.008715557536123257
0.00866084054145318 0.008761349822220944
0.007110833400245861 0.008918758490464349
0.008714281984028228 0.009019801018710678
0.009052763366154196 0.00917091250842677
0.009068612873033989 0.009342844553344762
0.00940420610873635 0.009420437173039534
0.0032992743151703035 0.009436444371199261
0.00852957244496002 0.009499448521944471
0.009681847664526878 0.009950808278203228
0.009395033667757504 0.010259834608988454
0.010387192329477473 0.01110981599178192
0.00959922400941204 0.01121502667904414
0.010674321967211027 0.012015937973667738
0.01177620601917167 0.012695627281289958
0.012847979907381304 0.012932478350908532
0.013189234563870032 0.013537575492176575
0.013308867875002834 0.01362955820990119
0.012080717676597926 0.013993764264799176
0.013842558526626662 0.014025659483196845
0.014130629048077438 0.014196425407258845
0.014114361351865529 0.014492631143982587
0.014184238562055997 0.01476427797534981
0.01590677082776523 0.01640607070930079
0.014141310229246827 0.016628820950866978
0.01645582587649782 0.017687438602074595
0.01771735691437297 0.017744547585197112
0.017365665989133874 0.0193561137857533
0.0196596514633907 0.01968562641547175
0.02037859480594105 0.020445363990834655
0.02059244845343731 0.02083354463253275
0.0194553331525869 0.021086861080887122
0.020409845886150482 0.021137542886017602
0.018670590107479155 0.021268833127146402
0.02136516940035031 0.021478649980694747
0.021485494506003358 0.021486074746379306
0.01736568628865105 0.02224053674819381
0.02101443829699216 0.02234574887252495
0.02215052598901297 0.02265515667149238
0.02256201656989508 0.022704888914363827
0.02299795191419243 0.023160118084912758
0.023280685955624294 0.02352296566374017
0.01955110475321221 0.023682284351106867
0.02370467983816531 0.02387692322742352
0.014822016561254437 0.024195592274476145
0.021492083420389378 0.024271775631317386
0.021348532704824157 0.02428775428875107
0.024288151011066923 0.02469079971219978
0.0247326723912899 0.0248506222224925
0.022511868142845847 0.02497791058915472
0.025436801988946666 0.02546059130386892
0.02427235829728105 0.02546347727913162
0.016392967301689702 0.025541327457991904
0.021593671581067262 0.02554275731062707
0.0242547718311397 0.025552496965493617
0.019464439846005842 0.02658174797757009
0.02200286337805534 0.027299120349107534
0.02781557040832852 0.02785391763753927
0.02225148215263155 0.028216232108549167
0.029553309726275435 0.029657662470525033
0.029700208265423647 0.030108290007971633
0.030586193308517664 0.03090529098757474
0.030171180444190582 0.03095025876032159
0.024113297665982733 0.03143456579905002
0.014256562995515289 0.03164448549548653
0.03130471284513169 0.03286296646834272
0.03193999611585911 0.03353962344630458
0.03533870840973317 0.03536034651227212
0.03290733316092018 0.03574096904566197
0.03505747886654767 0.03769492758459482
0.039595331291753556 0.03996912907634212
0.03156677889851729 0.039978708536992265
0.039108747241060504 0.04008699673345834
0.04017730832375097 0.04064332730228848
0.04197265335793596 0.041985031605216355
0.041171881202333345 0.042092844132916335
0.04188841074457576 0.042972288436278545
0.04301292898020384 0.04302378613815486
0.04152976376335459 0.04316682955086625
0.04448629870523164 0.044580227955386575
0.04135061788324295 0.04515306186505667
0.03781985735695741 0.04534370920321343
0.039927064419318835 0.04714947274880563
0.0377027977022393 0.04843046698645398
0.04831508985905332 0.04958104645438498
0.04951470677535973 0.04958738711815116
0.04805385190102675 0.05054937619484815
0.04935621466979241 0.05089255365240307
0.051789327206903185 0.05253722922749612
0.052972536398080916 0.05431552313254486
0.054022896561053114 0.05439039423820694
0.05441107907943637 0.05553643552468967
0.048765433964505514 0.055991311853836705
0.05618951046969145 0.05696498646170065
0.056720333266715356 0.05704709171833148
0.028521293608169046 0.057301497634579604
0.044151784720575044 0.05749655474017366
0.0548703504463307 0.057747968574873396
0.057789980753061895 0.058219590288254346
0.05850319044520901 0.058742493083890596
0.0579425787075245 0.05903061766007506
0.037393369285061526 0.060902674495254334
0.04497105653340033 0.06204724601410837
0.060385307936348886 0.062104379073456575
0.06183875925379357 0.06224874668291539
0.05142772049944266 0.06254357432449004
0.05686220119168822 0.0625542021249141
0.05148851778889923 0.06456681410945311
0.06024688915943826 0.06460478911092095
0.0612999571652894 0.06529081374521861
0.05431944323582792 0.06534182579844132
0.049799007088046805 0.06663060901932698
0.05126238024284598 0.06686355755514067
0.06592234792457338 0.06869586672311348
0.06929688319990554 0.07113564053693557
0.04928455322770384 0.07128795602685398
0.07197343187591858 0.07320748692760728
0.0744287273085761 0.07447754957509485
0.07571061360083989 0.07580430066945364
0.07186837535086463 0.07681103040343053
0.05615987810719711 0.07915764624355727
0.07868533254581571 0.07926924125446369
0.07400782689825494 0.08006457729767183
0.07527011780927245 0.08039059195064023
0.07694253011802685 0.08095939226221921
0.07530177428003022 0.08210253170037722
0.08461111935736385 0.08563349133991442
0.06802313151550317 0.08720061097939515
0.07979070277227854 0.08733837611747694
0.08720614794398138 0.08836961257410024
0.086972017199722 0.0894040397739524
0.0888448524105157 0.08958258341654812
0.07579195486307465 0.09019829080337102
0.0891698379519385 0.09330842934244434
0.09432270330730774 0.09651419581619447
0.0968636254497915 0.09686974064532619
0.08539317980612753 0.09733150238156606
0.09000512247544405 0.09749822708270182
0.08156985592906545 0.09843790572501943
0.09716343175907904 0.1003961124156088
0.10246334824514017 0.10355191144082841
0.10054771706811869 0.10592875693483292
0.10258316308080948 0.10661861224366694
0.10210170425698716 0.10834639190582536
0.08506609795483439 0.10900196274481745
0.10881046343346942 0.11110414775827802
0.09925238939109031 0.11161340482993627
0.10096327616135424 0.11275682374251729
0.11366880264764481 0.11405523553257933
0.1129665924400324 0.11413455860020195
0.10463248096012757 0.11476538132061075
0.10621612626566918 0.11483747481143022
0.10738605177428845 0.11483874621035785
0.09387781697005881 0.11518693623346203
0.05376296508997779 0.11548495915900536
0.11493990600608205 0.11553432429755656
0.1171867826932057 0.11760161241558295
0.10959918940661822 0.1177403599734417
0.11342058563860584 0.11884059078854053
0.12155886517051179 0.12164644209677074
0.11843004692622161 0.12213905046266933
0.12214741668425684 0.12228498385375529
0.11908149445084498 0.1225381499452829
0.12309564349803095 0.12345533962321156
0.12086519094608937 0.12430963799673901
0.11587715006502725 0.12488725809184946
0.077580752286029 0.12495916940082787
0.12288971921067514 0.12703952518634562
0.12238560756853283 0.1271358095258993
0.11174711252862206 0.12823650354949026
0.11768940015454374 0.12831637958718572
0.12972422298585834 0.13052066689876274
0.11055178943059281 0.13269074739425282
0.10399841286765162 0.13628235716094741
0.13364478810915548 0.13648455665474063
0.13773330026266492 0.13798007681650498
0.13444220794962175 0.13935330762920045
0.1399142261412089 0.140092535762945
0.14156762021779784 0.1417994454430193
0.13828693296028433 0.14181599293605202
0.13332305975489708 0.14222337499640886
0.12473061271377761 0.14317423081754935
0.10570245351565032 0.14366217579466636
0.12196657754686827 0.1454662025442806
0.14392662102051562 0.14647929181997107
0.14513727851646896 0.1472633962758596
0.14416651727892735 0.1514757473523081
0.1459628122828783 0.1524281283482526
0.15092275141555467 0.15277251163940953
0.15456196439328893 0.1550754511639975
0.15393299048800857 0.15758992068930244
0.14626150570665575 0.15840756834716913
0.1497988464726007 0.15885698171521404
0.16064206617871443 0.16064314666725696
0.09613687098662045 0.16126703959714653
0.16157092430810271 0.16185019716376767
0.14287415151098737 0.16237655761573766
0.16216040805479198 0.16238159859030463
0.1533686930374038 0.16259477946180267
0.16310999881360896 0.16394826316005748
0.15560108396660122 0.16422773861621048
0.1641030500280919 0.16429030080571908
0.16102860768304386 0.16639007752782833
0.16309526831566432 0.16644100244941468
0.1596155833435687 0.1691225302949362
0.15154059184496485 0.17036957000295888
0.1061587637595103 0.17039511147165834
0.1694212837751156 0.17052369427563685
0.16241424732438073 0.1719548432161104
0.1672537492394281 0.17542697312385755
0.13570727193271995 0.17548650398073273
0.17002349644142145 0.17585952463011778
0.17759143473647207 0.17777585503954407
0.1610157929510318 0.17823138490124046
0.1788132251142467 0.17914007663942463
0.18017341254948877 0.18254495023816533
0.17659434698529403 0.18299029410638995
0.18338955862034384 0.18363843252396786
0.17372450853695431 0.18510195062775817
0.0910338919877382 0.1872508409787649
0.1817503984557426 0.18801658978417748
0.15139246417998395 0.19345231739684585
0.19393273050536097 0.19464707077132226
0.19397432619236724 0.19566749420966573
0.17959806293730066 0.19713522703977404
0.12250746002245572 0.19776074623627599
0.11219103157702544 0.20107854385589097
0.1995231444889502 0.20139024343393086
0.2011001277483906 0.20295183722192792
0.20383413493091598 0.2062111836542564
0.20749821571988153 0.2077337610774336
0.20575426233072613 0.21237792827138383
0.21215539994727256 0.21258580229922033
0.21168717377849167 0.21663983718681332
0.19129647979641234 0.21691435834345704
0.2144080772753454 0.2172086010432982
0.2209296072658156 0.2212816680272201
0.21870166096471494 0.22139133291274352
0.21417511441358178 0.22153122749543433
0.11967097973203933 0.2223961122565896
0.18818976283778008 0.22256367837294272
0.2232580827664075 0.2232604091085997
0.22330074941538788 0.2233680641483566
0.15125769555156987 0.22499658645137965
0.20149714591533455 0.22589164180044785
0.1292909448776822 0.2264270758352336
0.22719779052508576 0.23092813215478739
0.22997445821004694 0.23155651427553034
0.22840953330936198 0.23221308183134373
0.20135270365441005 0.23314400095348436
0.09095623478125865 0.23968992418272797
0.237321807502983 0.24086828469419147
0.09950469576223764 0.24133062456080398
0.18154904073485942 0.2419642917639073
0.2247810652740163 0.24214257461778638
0.24214087030441123 0.2427876488606323
0.2446898504372854 0.24526911017565767
0.24208241668590585 0.2498762586099666
0.16543737687889323 0.2502526135506774
0.24970672752462694 0.25025633892718036
0.09184374907457808 0.2545634556756822
0.23934182075893892 0.2546980579101179
0.23279191294311644 0.2591684842172275
0.24074653820909211 0.2651156240511591
0.2696060787802891 0.2703319997475659
0.27425382286651895 0.2753105265355367
0.2647313916002676 0.27781170831009133
0.23479933848000134 0.27826563722911973
0.2808935548756878 0.2812923758720236
0.2455339172318 0.283347588145192
0.28356822151265915 0.28529578670512035
0.2008612676121331 0.28558079803591463
0.2812070008365286 0.28602220991487265
0.2217307689320149 0.28696877369959817
0.110370785728953 0.28704306589977063
0.286407997656 0.2877663060235605
0.07474455467599798 0.289612305343471
0.2691086376560698 0.2917251006203672
0.28849096331066565 0.29652379715920735
0.24464959242310855 0.29816409801433186
0.2967329576330861 0.29857245013924666
0.2988830914006551 0.2989517408155417
0.295745858990918 0.3061712091002419
0.27229855944285164 0.3066027003232325
0.30126768994274833 0.30692914386039316
0.23193057465280825 0.3079260874208086
0.30788953780921546 0.3085229647120124
0.17338086696446836 0.31066704303890613
0.3069682105114296 0.3117433276621942
0.2953685858880036 0.3136658761333972
0.1763927447425048 0.31504509526653884
0.3010931783690722 0.3157451423106128
0.29598144711228025 0.31724534596410603
0.19042265862056462 0.3174226454291883
0.1552308865818764 0.31797218356033186
0.31866214265153275 0.31910823363889906
0.3178665426174856 0.3199259576144018
0.27778895996985054 0.32316627142855675
0.31100078295981065 0.3242410091679626
0.3187645602470738 0.328772442459795
0.31907361174290755 0.33000976144128324
0.32166964778709184 0.33161805671821276
0.3336176374360195 0.3336760597294733
0.23293516526188557 0.33400655938130736
0.3351741540174057 0.3362874139878922
0.33430683137960215 0.3383408678377144
0.3309766094173344 0.33909595815071275
0.3365918510192434 0.33971728842825566
0.33931011424627533 0.34002192913908086
0.29571380214134724 0.3440804151002468
0.20397822124566434 0.3502531522659955
0.2995590015695119 0.35115222863386886
0.35479289952990467 0.3559413544661395
0.3555851013857824 0.35772856482570736
0.264500629379743 0.3583426260039058
0.3161341904420509 0.36106438355991277
0.2784467777934762 0.36252175290489164
0.35095354443332033 0.3635477583671903
0.3534112340936863 0.3636637328261802
0.3590127737546837 0.36440266165835433
0.3645565516855811 0.36474742719307307
0.3308149771068208 0.36607895712781086
0.361732022701856 0.3678609411700915
0.2229952950058106 0.3679215549465541
0.29430004312282665 0.3690774281188163
0.2408902441464461 0.3737054948906569
0.2888815942548749 0.3746643928199043
0.17104994027600864 0.37669861431781215
0.3734899691939384 0.3784006623796944
0.3603359342566128 0.3807145126513026
0.3797659475624539 0.38076190827558737
0.3780527414578263 0.382569108197304
0.36583554365658605 0.384188451007931
0.2934393226203498 0.38624603577453986
0.3326599430324456 0.3891381508950448
0.38411824920165266 0.39443315360564546
0.3840023679092711 0.3971542252026993
0.2581140306170276 0.3974571400856287
0.3655315463918985 0.4037958311995115
0.403463532188613 0.40398168336731954
0.40112988538951055 0.40570088596174136
0.3988721762256691 0.4059558638491934
0.402637675437459 0.4066469982270515
0.4062586515548417 0.4068866629423409
0.23928362152632698 0.407237130949731
0.4081587616006227 0.40815882101004836
0.15093197705773503 0.40955588268261645
0.3777760641778182 0.40996794375351425
0.23032959706491055 0.41152409391258066
0.4072959509782801 0.41414748079987773
0.4194034333839971 0.4194781322826839
0.23181320874081246 0.42197492456897884
0.4134121852430304 0.42248777672616433
0.4154146776887132 0.42447906152008463
0.3964537607716422 0.42670111179323095
0.1387731483962695 0.4282945971342516
0.25373506116780176 0.4331666735107059
0.39128177437880896 0.43429994090400026
0.25914207569194586 0.4363629251318359
0.4241364395146583 0.44590121949369427
0.4210648719087585 0.44626149233856416
0.43385329540590567 0.4466665752022615
0.44058352790899297 0.4504155787136617
0.18383241320669225 0.4506121847144017
0.23844566322417915 0.4553760364288275
0.3384229733195525 0.4649421485918379
0.4660095856220197 0.46612711880484237
0.4541550123688416 0.467322027381502
0.45378428951235794 0.4687892196071028
0.4708742066260855 0.47222620980179786
0.43578148819953877 0.47559330466373345
0.1422311529627944 0.4776460015578762
0.4778413955117549 0.4795453572065532
0.18443688126631308 0.48175161020943885
0.4181263841896568 0.48320859480095607
0.48364739026764725 0.48461878708857986
0.38407756660071196 0.48909286401096336
0.49730508761941905 0.4975090039793857
0.45453047116587664 0.5032808837379591
0.2708318652384123 0.5054537675161136
0.5099965537234972 0.5103103270540462
0.49972198938148865 0.5124105052002772
0.44867960162851384 0.552374663242407
0.3381883440333807 0.5604157516537708
0.22415249974705354 0.5895718915966197
0.3061865684943316 0.5906520528187306
0.3617317448779959 0.5957169633948337
0.38928218290935 0.5963213556548896
0.5808579762707282 0.6043165732095626
0.5758299516597616 0.6058140999367035
0.5894398724103295 0.6107168445316181
0.5464229049966511 0.6417419676811282
0.19171046946021175 0.6425153300859197
0.3114097326625893 0.6721000896746
0.2687588720440492 0.6757084526900048
0.6239006833806163 0.6842147801339995
0.6852142134141039 0.6879296192440496
0.6634868941979521 0.6904847010934697
0.6980293744620004 0.6981340341246627
0.6979005559553719 0.6999472999475695
0.7143051525470385 0.7173078356261465
0.40957084748125505 0.7211954586445869
0.7442447017495074 0.746893596550747
0.7457998681862444 0.7471895720571524
0.27112415706293275 0.7614893533815204
0.2234625083915219 0.7752111235896955
0.7751721215773345 0.7767751044790638
0.37909528632801387 0.794194752620723
0.7898048172348134 0.798688667959246
0.41451402538110454 0.8029351387103748
0.6211207783648682 0.8365125491956501
0.224292924403654 0.8423465521165229
0.7972757128288837 0.8505574067625851
0.8339458406605436 0.864088991576733
0.15482383856676 0.8927132050025032
0.15198533732756575 0.9116577753146401
0.31592105280480687 0.9638933724769061
0.12009351071976909 4.000000080690863
