0.0016952326493108929 0.0017298281885992166
0.0017110122346678722 0.0017310377694982068
0.002228747471307846 0.002410095045682762
0.0024138745995699318 0.002538632712378145
0.0026282093209494166 0.0026476262326484983
0.002784873815770985 0.002923298952958409
0.0031039882169461137 0.0036971383409233915
0.0039857895151908344 0.003986534177699591
0.004276705648929793 0.004385578026214345
0.004800246075523633 0.00480155562630314
0.005390282499724654 0.005411205352723381
0.005422831136501679 0.00562928926898966
0.005916912521292908 0.005960530516425682
0.006033514723478725 0.006063844975488548
0.0061029635673663955 0.00612398465070516
0.006820343202252638 0.006847048858206952
0.0057817243634630065 0.006935803638998495
0.007177048371079471 0.0074767392611987445
0.007277803145519013 0.007625835989927583
0.0074322376389947716 0.007943406426484346
0.00706078526415003 0.00824129995388768
0.008081785239030958 0.008444028043495496
0.007491536504312965 0.008653486623150188
0.008457545217535225 0.008814750825999704
0.008344840839507997 0.009132090803843989
0.008975292917295033 0.009188962669658516
0.009244727669443505 0.00988317314313857
0.009861219814387846 0.009943892027624544
0.01000173177344131 0.010308540947615052
0.01056805019877458 0.010573842736027104
0.007061345097423876 0.010645201553109692
0.008557290018463962 0.010701425261626249
0.005460275117457678 0.010747557970789584
0.010965219514673588 0.011054586326688192
0.010621782482587357 0.011060407866162828
0.011013575149866055 0.011180060859694637
0.004510369596281867 0.011238355200509078
0.01039208348510225 0.011675662451412711
0.01150214944742006 0.01171448140272015
0.011330606926893048 0.011765609320565565
0.01172039687807111 0.011810491096934168
0.011821041843487064 0.012377244917802026
0.008795664876340323 0.012624439045325305
0.012810426403982954 0.01282916358444557
0.012740230146639758 0.013079491247519805
0.013245333445208054 0.013255297517930595
0.013170869544345994 0.013255651994859225
0.012696069105001786 0.013300914479724637
0.011196608875409686 0.013348399146820834
0.01118349986979159 0.013474400785632145
0.013572429483523215 0.013614505889619875
0.013481344842554211 0.013630456189307676
0.01339308337913809 0.013715652518345502
0.009339612589932685 0.013903082154187384
0.014308052028224558 0.01432261544862927
0.01003433743159248 0.014622622605482178
0.013852934215332879 0.01475315081360593
0.008085732143286372 0.015002172845676372
0.011026760501265772 0.01558195692741661
0.014700588996933472 0.01577270602858024
0.015278886061359865 0.016039314777926878
0.015889679986977802 0.016071725996578502
0.016024019892587796 0.01608351533857975
0.0165705807570761 0.01670645833362266
0.014705383268588577 0.017662470833773876
0.017012386602588105 0.01775649945991403
0.017993713316593017 0.01804138230249158
0.012944254694565904 0.018291849828587312
0.01861377146919844 0.018665367659162036
0.013667652939031967 0.019159833691706644
0.013729662936131813 0.019180733170877463
0.01899353491897443 0.01938059893665151
0.018985280786134637 0.019548804548217297
0.017602034988424158 0.019730411454451053
0.02033138052542464 0.020337730031994312
0.02010397559294355 0.020474837089425872
0.019813512129421156 0.02058394806672864
0.021199523384949785 0.02145888543097283
0.019276360555508944 0.022218726782753155
0.02236130493764081 0.022575190659801642
0.015541810460579576 0.023111766539545924
0.022998856324265772 0.023236366977208364
0.011620909596282897 0.02332993177082901
0.020315752089231927 0.0236239849819861
0.01974204589769982 0.0237127079132974
0.023935284601026435 0.024250611786249977
0.02441725367647345 0.02441726364874969
0.020232573280684733 0.024717034376245298
0.02371469633725666 0.02479564876384408
0.015357619047053881 0.024831564790369767
0.022312367202997237 0.024903766453189227
0.016723090324871917 0.025450448234809655
0.025566489279224412 0.02579692257130004
0.02381600122872239 0.026462511200138084
0.02340084457683763 0.026495797617875228
0.02569788276115532 0.026777166854812254
0.02540902202181692 0.02734971543918726
0.029824142949361556 0.02985514086735048
0.024192437260108515 0.029993585037868427
0.02984138822028966 0.030269170283116098
0.027799337542565503 0.030316871036466946
0.03142081509262852 0.03157313461031383
0.029666305637814618 0.03188247196905704
0.03177355776589558 0.03244160342905506
0.03156907628518782 0.032593986033444294
0.03179950730113064 0.03267011628176044
0.03241753038904764 0.032969211758242634
0.03371459030190684 0.03388284816378591
0.031505801041848566 0.03394973610332657
0.03445791716865712 0.03490506508767902
0.030911413713533523 0.035167276024996405
0.02377629454382377 0.035473636081940325
0.03516253372837813 0.036235685813596694
0.03232948700314548 0.03785388859723389
0.035571631982472623 0.037970769500299775
0.03764266837508308 0.03833595585032539
0.03202290926358424 0.03865460890614423
0.0386452075339671 0.041019067997225066
0.04089697767166936 0.04126334053028711
0.037720738136203316 0.04138947577871937
0.0412296678837126 0.04148617524517575
0.04124648802073058 0.04177680254899272
0.011901092581471243 0.04183928506253011
0.04163081074134657 0.04223300390051703
0.039859853148475816 0.04226136814016063
0.043531992980023804 0.043737205771349236
0.03611058674251635 0.0443806104061925
0.04356722185499931 0.044447922461103795
0.03160465900597613 0.04530604763263214
0.042637406414163234 0.0460904453391628
0.04608895691494012 0.04622376020847619
0.02836647784097343 0.04640648493663227
0.0393230575980453 0.04708044055218056
0.04232262964213648 0.04723079606605396
0.044756482434631706 0.04791279236065717
0.04911852398035218 0.04913824947709892
0.0487259738978432 0.04975632978971364
0.049020648001989735 0.05015753242381053
0.04985571677750872 0.0508814945522984
0.04724974004151295 0.051056809959873765
0.05084408283833704 0.05149101896793931
0.05152671995958718 0.05209817799469222
0.039510772663872346 0.0525403888188443
0.0498201181018782 0.053397451216097236
0.053559056295474874 0.05377261591437009
0.0531429457652271 0.05405063489038043
0.027978625874143032 0.055693343737840004
0.04038850330540864 0.05785243059803628
0.052143794224803745 0.05798419035164633
0.028522580192337513 0.05846444229587382
0.0300283706395579 0.058602849356347936
0.05351153672495613 0.05911016661913579
0.055038133289304264 0.05946304805800201
0.05976948149234129 0.059917997111099644
0.05805204950013008 0.06254675605583132
0.05257233701571762 0.0633943179452716
0.06340171509277555 0.06343130267459753
0.029717446761168366 0.06357145777784273
0.0566312666545045 0.06368608953154514
0.025405020319463272 0.06369974925050358
0.06332262306192436 0.06426789627848699
0.023179315545934907 0.06445522621401704
0.05972280863407127 0.06458936249099871
0.06002709431897812 0.06476527967664755
0.06238170181234517 0.06563938753937623
0.05820758198315046 0.06596270390030451
0.06554570191908472 0.06611128730752538
0.06574617665512257 0.06637205535768266
0.06596475413420683 0.06668370797307087
0.0670262102787004 0.06704724988289966
0.06693234172606637 0.06713378812870012
0.05184398254336831 0.06768127366432176
0.06872493535308674 0.06997376125354464
0.06563093817184604 0.07146706659086233
0.07106223108172706 0.07289297318925936
0.07066361715236578 0.07296125438895783
0.04650025117860394 0.07527116687111841
0.061062329823114325 0.07581694497343576
0.06737174992679715 0.07692701452658947
0.07141620847154398 0.07728663999697213
0.06852759819992853 0.07807389304871241
0.07901803002520123 0.07909673730888557
0.07900831035780168 0.07958380394303405
0.0803519795785339 0.08038206784450848
0.08030798901373047 0.08095513946885727
0.07906555690218768 0.08100751427118563
0.07494422190896817 0.08107411455183143
0.08033388758556566 0.0811991473779834
0.07967970062499857 0.08135576330584136
0.07804447560663454 0.08194072621520482
0.07438614926754619 0.08196677984246718
0.08274045609157216 0.08274632669948162
0.08173236867247957 0.08319914444780695
0.08328804573739401 0.08328909318629922
0.08018344577739994 0.08378824227067738
0.08329259371329559 0.08416216059404366
0.07993968118251332 0.08442134730266346
0.08597689227048785 0.08598186963469429
0.08254308278839813 0.08604098171706402
0.0853974193584738 0.08605806714953178
0.08036949316199052 0.08615351442776699
0.08659698144466023 0.08698969070720752
0.06870057986180884 0.08717806820741938
0.06653951172516992 0.08719750668722202
0.0731085067500797 0.08737505951164526
0.08217696948034815 0.08789286480332088
0.08768695796936764 0.08831528447170187
0.08616679306609965 0.0897682384156801
0.09056157177453672 0.09104548502739365
0.08902464165265978 0.09135995912870343
0.09019582686315758 0.09449461551658067
0.09210412568818141 0.0948768740634332
0.07970365356404449 0.09498493105100386
0.08088443106634417 0.09518718803073896
0.09331258417799038 0.09575135615238858
0.08621488146531209 0.09725476640639194
0.05313601231052772 0.09768450902740909
0.06609286510650766 0.09773144413886695
0.08866689209922606 0.09781453102505228
0.09406114782569072 0.09802988545589875
0.09581038798252216 0.09821524528779582
0.09187009947788854 0.09976548797584467
0.09660486897898152 0.09985800554657556
0.09814141403052423 0.09988842306172172
0.09951994411807334 0.1006494007146233
0.09286359161173112 0.10151809850904975
0.10232567318299816 0.1024216238755287
0.09731028638724132 0.10275177192079918
0.08798094832303323 0.10288195623433558
0.0880095159806563 0.10314450031114825
0.1046057503885452 0.10473040998644459
0.07525786849882533 0.10485778129483658
0.1043351977523189 0.10497100458339273
0.08550250340396276 0.10535008968212455
0.07173916374711646 0.10537533012147451
0.09150377711737635 0.10572186004915365
0.052651166340160635 0.10871927262213922
0.08738432132922658 0.11048219094030386
0.10870644004822215 0.11115067616626678
0.08635960126985287 0.1112617591563523
0.10971262279547178 0.11273007583740378
0.11189435855500193 0.11421342336304975
0.11414516309819062 0.11484267803476422
0.11626960967595312 0.11659593238665235
0.11143149027322412 0.11693765165914674
0.1174294790176538 0.11819348026935379
0.09867533625223567 0.11886365606717936
0.11811706286915266 0.11907748459045048
0.09828768343535951 0.11997681645414171
0.12299846913048644 0.12329638631536757
0.10122476207420494 0.12354545544869358
0.12406069114268126 0.12423012569589034
0.08406018686863218 0.12453991799012189
0.12455423740417165 0.1248737306188833
0.1164133565403799 0.125113029920195
0.11501197837813673 0.12513979461587443
0.1063940410788723 0.12596816702561842
0.12677873839388115 0.1267806559229724
0.1241093753220184 0.12710299528624952
0.11117118801179796 0.1274126677898896
0.11238021435248662 0.12828187673924588
0.12885933236030547 0.12890541758241397
0.12867844572895934 0.12910069866670681
0.11400518792192672 0.1303197197992354
0.12864657534132648 0.13315621439529846
0.1325869701458337 0.13327335918243424
0.1305240093361461 0.13335954786670723
0.13362499389910446 0.13367562756416346
0.13050859792406636 0.13373160125553885
0.09102254524013875 0.1339292935468347
0.12640326677353753 0.13578649529447945
0.13436616249646516 0.13601242259631807
0.13414751886761384 0.13623724227831563
0.09794873333717131 0.13673678645130105
0.07137290641922919 0.1367578327688051
0.12279185383737622 0.1376385960428367
0.1290644006831536 0.13823074017406894
0.13746934045143877 0.1382834772605829
0.13360985151737848 0.13836208241517142
0.13813587253927231 0.1385700698104129
0.14043046065122367 0.14107297361123847
0.11334694705090013 0.1424505616762287
0.14250254377056487 0.14349619093486898
0.1418546935672184 0.14371769860309133
0.11959300114378382 0.14405536144696995
0.11622353417988328 0.14531441284629856
0.14467230358188518 0.14675015001693026
0.1406313090842481 0.15055951593828357
0.14028501149219952 0.15148399733336684
0.14002286622072133 0.1533095422846286
0.15205268160360047 0.15354146685818257
0.1336855906043844 0.15624396027587498
0.09183003664439983 0.15673866317244242
0.1575053905258116 0.1578971220000534
0.09712236071242038 0.15866039802092666
0.1480526303676189 0.16083412453713197
0.15838220154122656 0.16104221448761052
0.13727075430112673 0.1620078264731434
0.0799378337134383 0.16416272841285562
0.16289333364646327 0.1645281486793945
0.16304321096851138 0.16477752726722783
0.16427933549259566 0.1655156987768046
0.13963333517235377 0.1698769839384325
0.15869998284658782 0.17233280905260467
0.17161055822947907 0.17239193184662388
0.1731075897198658 0.17312297899607723
0.16890347012251533 0.17339741561828573
0.1347838133064645 0.17425516856582313
0.16643289888670643 0.17576398380942237
0.17681939968778065 0.17697299627737811
0.17051600810449385 0.17707332900641715
0.15919445073236166 0.17754568428899253
0.1775662448791107 0.17791366085409682
0.1574500796231984 0.17869564800833482
0.1777352252919914 0.17874181510396275
0.05102433576359315 0.17985904385735438
0.15191902764802687 0.1810721300129
0.16792318685573693 0.1822841194526473
0.17693982599917277 0.18229947618900383
0.1800956296948629 0.18282042177284408
0.13791296687458862 0.1830007283648265
0.13553601045618618 0.18396004874699956
0.132245877509753 0.1848322665805386
0.16964386985347787 0.1856511118997728
0.1028483282869169 0.18609651159869334
0.18721772347338458 0.18723980221402114
0.18844171265419132 0.18872390152247367
0.17135873531022142 0.18909292793588267
0.18684555398501312 0.18928403255462406
0.1879886976314593 0.18945061205507024
0.16578138307428147 0.19033754420524254
0.19132290374447564 0.193335965850255
0.19223401632257886 0.19343031725929355
0.19423651350493532 0.19630912480549634
0.12272747666602869 0.19817625942218806
0.15870737386442207 0.19943208204300641
0.15290384564695286 0.20067058559604933
0.1889737521843887 0.20238535128353136
0.19893856672157517 0.2070824058032943
0.19611334136552205 0.20730782517402582
0.20425750227931658 0.20730788647986625
0.17987406381866072 0.20747878387501223
0.2087653041448271 0.20879500201071038
0.14553554586314377 0.2093378600563162
0.20932613588655316 0.21106924393214596
0.09865916110916584 0.21976592530716557
0.21999939387632136 0.22001677933006486
0.21971253735241034 0.22048213712113482
0.1997055623363925 0.2211049180986806
0.12132399872726078 0.22192353456748534
0.22136569895429112 0.22230704549117056
0.2292707699479513 0.2307208200217121
0.23126414164036274 0.2312667543906215
0.21742014940176674 0.2333767933188646
0.2079194998889494 0.23434742576102144
0.23489386883093397 0.2367506828777552
0.2341137454013277 0.2392006106596473
0.21723536421076056 0.2396470745293416
0.2360418445210868 0.2398140010054987
0.13507141402551875 0.23986255557166059
0.2187749883686276 0.24194216329146487
0.21813118519795793 0.24300503782577346
0.24195135035228793 0.24309449240814268
0.20947695535958227 0.24439321769473824
0.20506138964620976 0.2454912771987907
0.24320841910716037 0.24660762418961443
0.2214659850913306 0.2504117269480111
0.24835540503530779 0.25147764444587245
0.2295912792918311 0.2527967679264151
0.253805480816384 0.2543361115147617
0.2547674214733944 0.2549342560892699
0.0925528045176914 0.2556323964566683
0.13775132637009074 0.2561301772063586
0.2554270317165286 0.25639485613446883
0.2554135862124289 0.2576652896224057
0.1707507237723218 0.25789901869013404
0.2506631686370391 0.25790014378264453
0.2587049579015407 0.25877941341827326
0.247021896847723 0.2588140912925415
0.23949180822341892 0.26084921286102575
0.21632626747849726 0.2626599625533565
0.21283870993383106 0.2628528532515371
0.23439541796687344 0.264124308103331
0.24137091507889083 0.26454899419380223
0.24986489701645098 0.26515576561095355
0.22746900349100138 0.2686155875014449
0.2721997418554732 0.2729566512691817
0.24628696091673027 0.2738026672226973
0.2788602364565248 0.2789288192583565
0.26976343016286813 0.2803208894051743
0.28131575670646963 0.28152004130830566
0.19351434822300406 0.2832556826473302
0.2689994650914481 0.2842914015122841
0.22177510651613502 0.28608325674792795
0.2784792877208628 0.28659023693985125
0.28586658191046566 0.2866625508460847
0.25172707533402094 0.28717478902481125
0.19767181678223933 0.29004915163178513
0.17049444029966443 0.29347928880230223
0.21519673514421325 0.29392131427262913
0.24221862811241868 0.29400370501925255
0.13052814532066512 0.2941584103753822
0.18977739912757038 0.29448226080982903
0.2844340133997748 0.2951930030385618
0.2671685985067402 0.29700056522515456
0.2904640985148065 0.2977945581815844
0.29340695317077087 0.2979870383918267
0.20057925983330385 0.2995737298604634
0.29936130559233265 0.29984349242129466
0.29598698315072486 0.30312169785209625
0.29309861028341305 0.3033778924526553
0.12332117230857777 0.30381403257721107
0.28253631187782163 0.30478286361720214
0.21684489156205736 0.307681106663074
0.2958467077797533 0.3096400305955525
0.29513796928119534 0.30975482084096606
0.3094833891803231 0.3105032418679921
0.3077479744923635 0.3109043818515824
0.31147795443696297 0.3121447251609929
0.28805820627524237 0.313300259459654
0.31310629326170164 0.31416652083766144
0.3123948084999356 0.3158691380853763
0.2255672540772271 0.3159164038129245
0.2490652311227148 0.31677879545840526
0.2556908909852041 0.31702970657486196
0.25190724541428705 0.31898512328652606
0.31303570708889134 0.31936635724976536
0.32190458693186086 0.3220891425559838
0.29761468945311975 0.32406341410681977
0.23014261363664784 0.32749704596244505
0.15741735255943948 0.3276071395804094
0.1734895029267659 0.3279220023257839
0.2919919530585578 0.32912285963926147
0.32406983711554394 0.32945256874550133
0.3132767737267825 0.3350397964768258
0.32639314739728637 0.3374555907080823
0.33559696151480334 0.3390765981339642
0.2826171579332485 0.3422155735499487
0.3381827244386676 0.3445508788921953
0.3065069251774157 0.3557142525657746
0.3559951183439952 0.3570314685959234
0.3572602210856529 0.35754684440733187
0.21339369305669176 0.3582658198574745
0.19009991582107277 0.3617442607678838
0.199113468354704 0.362036282045864
0.3524906978744096 0.3751724393557228
0.3135437637219705 0.37779087485583085
0.244789074671707 0.37818142854382125
0.3846738354971257 0.3854397350477816
0.36562200141474166 0.38806181285843777
0.38855642562464715 0.38857794987865785
0.2057294192310103 0.3939765698915252
0.3962953888700401 0.3964684550691317
0.25158722909999426 0.3967414179766008
0.4038217442278438 0.40390634735457315
0.3831868923974455 0.40456780933339714
0.3987124938286447 0.40518951648480883
0.2912703047693539 0.4072548450317085
0.3711445582423164 0.4084903320913271
0.32774996161760395 0.40866864459853613
0.405512871231513 0.41387459175287417
0.4207445414033424 0.42156119247667856
0.2247826222290214 0.4263205643235913
0.289800368913652 0.4266186923369805
0.3585417286119589 0.42981981888201565
0.29957686416146145 0.43095485463730054
0.440329400756433 0.4403547581533329
0.44586691096243786 0.4460819410874466
0.4496408801268005 0.4497133628868633
0.21882992841306875 0.4597002390026393
0.38616429620857556 0.4639825761159636
0.42751522531279784 0.465183548200403
0.13318096907543428 0.4759190506202234
0.15964492289508972 0.48443376105823577
0.2225801357514025 0.49057349399590944
0.3984799760553302 0.49793433427835454
0.5029261657464653 0.5029973481141936
0.4992410424220931 0.505236906262673
0.15079485120161015 0.5124579838809735
0.41655808702839625 0.5188337083207009
0.19782758466708966 0.5192067667394235
0.5188201261789401 0.5220244576195588
0.496199286740731 0.5228654125712289
0.262163507150652 0.5270664681548838
0.5239374467169412 0.5437579482714325
0.4928145029626548 0.5696440538723108
0.5546092287269079 0.5708707783462305
0.43024561423342556 0.577986192914038
0.32145673258824503 0.5792475142789199
0.566359844107545 0.5877429578858323
0.6148108227879283 0.6148229706039823
0.24393960422556868 0.6148592936591367
0.6245032868984622 0.6252838821495358
0.42710941900493077 0.6529073590709908
0.6883597916126777 0.6890367388698694
0.4584055800192478 0.700653320006342
0.5067128502490094 0.7010482794905563
0.3583993566362639 0.770544671966677
0.7831330069250055 0.784894241220129
0.40803932015550276 0.8172285553630835
0.8356904850123004 0.8356972769044069
0.8310246455132355 0.8359796610893588
0.14023441374457463 0.8409657418145348
0.26609809479359764 0.8623205316141656
0.8715465480740294 0.8724560555551057
0.5999800816257487 0.8824160345167021
0.19755676479279238 0.9097260793281868
0.18725318546588282 0.9583112141314918
0.9672018579920866 0.9703219595549928
0.26134430097069716 0.9901180170758888
0.9975549435010667 0.99765213821034
0.1754630944151545 1.078580016522075
0.16187622396599627 1.1173809563388826
1.159043816595939 1.1620590565232443
0.16407930810692362 1.1655117009461147
0.9734444671037648 1.180622101364336
0.13095199829252743 4.000000321572591
4.000119994293779 4.000120172638121
