0.0024792176308660813 0.002529680304131141
0.005089358145465216 0.005091749237914466
0.0052574806058234514 0.005724748617052627
0.005902754955013723 0.00617484475196448
0.007046642162699056 0.0072058368823872225
0.008374341428546764 0.008660896295347656
0.009649825855337293 0.009682122629870437
0.012099200549784308 0.012115866714693063
0.012964140513732082 0.013503516960866161
0.012312548278389434 0.013688970334948114
0.012505344857709893 0.014192172854827155
0.013472189944398241 0.014871003484363593
0.01645810777439537 0.017721742762167356
0.01738471134848921 0.018764863410940653
0.018687377313954867 0.020851237485532706
0.01760710753013955 0.021227860558487223
0.021633129581920575 0.021730397816446107
0.022510980972549454 0.022539183454635535
0.018870147472886633 0.023034895366600944
0.020849442231958205 0.023383035704310686
0.015324787049129136 0.02396872351722957
0.022539723271904295 0.024351835948807563
0.02447640246929919 0.024805678047499995
0.02310155032907784 0.026641661452250984
0.02354857844381726 0.0272781606954203
0.02795317283429309 0.028884073317046198
0.027575752301686504 0.028914121057185074
0.028554205126942137 0.029880673702266828
0.031057898967135268 0.03150337774237255
0.027018079745274117 0.03212372995968043
0.0316985104632508 0.03215940576505492
0.02869150553196747 0.032305922049477215
0.0300344029081899 0.03245799012913616
0.03256385415148694 0.03257135184036702
0.031900210097066076 0.03269119970193084
0.032644334600590505 0.032901762659362475
0.032905888591334205 0.0329387384553584
0.031779103594181804 0.032988545631801716
0.0335236434155721 0.03376297842238677
0.03427583102185037 0.03446553441104522
0.033833971802183054 0.03455204392877375
0.03161054756135322 0.03482106841384727
0.032637576197820165 0.03560531114170742
0.029770144044104507 0.03654716913312358
0.03362334902584121 0.036747641383186445
0.03023618257623424 0.03687147024560656
0.036026813241919566 0.03718223370464142
0.02425736903138115 0.037734865915137895
0.037767680463580464 0.03796878818898377
0.03163060032540869 0.03848400541460762
0.03497390163708868 0.03919576786386143
0.039354914541985496 0.03942895183883778
0.039082712942520734 0.03960674301359504
0.041155042557713704 0.04130857502018366
0.0425745260805731 0.0431363014994651
0.03979661177234193 0.04354281973844295
0.038297921516241236 0.04428639815004218
0.041616723505206746 0.04458251331764814
0.0426281882740543 0.044651093558107806
0.04509683764932686 0.045788035102188714
0.045320327353502686 0.04616983942530342
0.03773221748800234 0.0474997973308205
0.04761876549384439 0.04762016936546145
0.05004473905025868 0.050134887448171815
0.04896306811281594 0.05016661984626762
0.049184385472717425 0.05048332251402251
0.04610355505067224 0.05076315738243839
0.05143712291402458 0.05187269080894112
0.050542176034235956 0.052293608282072496
0.052373927758347864 0.05251665447247737
0.04817429526715426 0.052685521199405054
0.05282977942477776 0.052912946425874595
0.043005401085473904 0.05311273455500257
0.05318653162648723 0.053890283841557814
0.05082771627719921 0.054001289794017505
0.054262402695264694 0.055179142551131245
0.05349316610477056 0.0552286342739775
0.05370892494701718 0.05566919138719971
0.04988315659996877 0.055713789609971344
0.056793567902008464 0.057001366921623046
0.05133938142781448 0.05778601605746774
0.053707386000479584 0.05910576718399292
0.059131951172253144 0.05914870370915341
0.055487911115088634 0.059285375101638456
0.04717490312806851 0.05936446644919104
0.05885595897965842 0.06049746812555407
0.05423381566697866 0.060553539392663724
0.060866347638788884 0.0610199482336052
0.061137324692880614 0.062064383345878826
0.06419744623585952 0.0642747125484141
0.05510162874883214 0.06443687874511343
0.06475678852719083 0.06476492619951182
0.04965167102704216 0.06535404216666921
0.06241407961449416 0.06671376230213424
0.05088686714144211 0.0667714913344134
0.05770450647118936 0.0671964227117689
0.06197576222305501 0.06729789227699384
0.06767104420826245 0.06795821396338446
0.06250171897438743 0.06832452112960401
0.041446235635074824 0.06864754582156002
0.06886333495114245 0.0699180440970937
0.07019900542399879 0.07066315317849468
0.06991024277455998 0.07284428561173438
0.07200907868421193 0.07292245684559921
0.06210069097783557 0.07372642758380253
0.06415070064335113 0.07378167149707522
0.05659566593340031 0.07448634289313052
0.07422522318752449 0.07460554144652629
0.07027086001162804 0.07541874980749252
0.07656921209366818 0.07657043992787181
0.07158951881298746 0.07896195254971941
0.07861912961137674 0.07940517799559392
0.07881293246178125 0.07964206698851788
0.042332132304599285 0.0800200241325807
0.07899402068439032 0.08164821038859586
0.08128411656259495 0.0817939178884179
0.07626776319963838 0.08182334139477805
0.08036701168528156 0.08186560062657824
0.08194078752609829 0.08328061983399453
0.07949248626810965 0.08367436882304201
0.0802097103596867 0.08407588947346628
0.08181229341601258 0.08408204949135839
0.08233390775272018 0.08429328250816716
0.07106300646608385 0.08528958021958188
0.08231752085932864 0.085379104980684
0.08056978387738166 0.08548194033419489
0.08162033562266532 0.08580226932235105
0.08202702290887375 0.08694731299003218
0.08440507115080312 0.0882000371326092
0.08667145001715912 0.08847311757522378
0.08462263869023355 0.08890576567848657
0.08285949872827413 0.08954196149964089
0.0910057931221517 0.0911578778285915
0.08186528978066694 0.0916613282484055
0.08351804361510878 0.09297863581568161
0.09260726920501676 0.09309761543146289
0.09196686543249459 0.09500579814787323
0.09732537778914267 0.09732852211360406
0.09779281019488034 0.09782471905365125
0.09745756061822673 0.09821941781764634
0.09932863766613814 0.09935886589772042
0.09725924754169107 0.09964384477449185
0.08577724851587377 0.09993084027210934
0.099351695027875 0.09994847999265438
0.10050778110306582 0.10090557156021587
0.09770094104488852 0.10108052642629652
0.09996115858918089 0.10120508917475399
0.06468680569593588 0.1014706219294381
0.099365503012583 0.10223926048814864
0.1012345973123995 0.10247949945779992
0.10055654211844973 0.10274776319883666
0.0837723699110073 0.10328627968657554
0.10474337701903198 0.10486194850436452
0.1047227367789075 0.10504564307259814
0.10545351815687631 0.10547404907742902
0.08822141854156255 0.10547491428492382
0.10150623979073829 0.10654810426287606
0.10678052911865832 0.10827370232254871
0.09905368811840892 0.10828706729049882
0.06250486405294055 0.10900900440653709
0.10583246024367435 0.10924178093407044
0.10456356260802122 0.10951824121663557
0.10934417267528104 0.1102574659766672
0.10604576310029419 0.11039933996158977
0.10637300751557814 0.11223586782700042
0.11097578367017662 0.11230356601563612
0.10628826939469005 0.11239643659106921
0.09916839093608666 0.11269936669462859
0.10933602353327407 0.11397112194596615
0.10909577398910214 0.11497813692326347
0.10961932424183857 0.1159696683298095
0.1132741517600924 0.11640690934928476
0.1151385908640242 0.11674747240691269
0.1120214467802627 0.11689920085724326
0.09317232685222943 0.11880559576946535
0.08750833705263367 0.11885995521766456
0.11821216451526798 0.118887440831651
0.07565122803305262 0.12039769765049807
0.12030790209384717 0.12040387201657365
0.12020321490181811 0.12056538513140481
0.0919179911786578 0.12065264263885135
0.11165853464033211 0.12218102892532143
0.0967998438446746 0.12527730010145463
0.11746837803925687 0.12568751463364444
0.06988144785441912 0.12615071639045217
0.1263350770716048 0.12717774839837837
0.12648739666586542 0.12948461323813423
0.12891121571280206 0.12979037135411955
0.12934094194017687 0.1312606408348968
0.11474675457557025 0.13197290373103282
0.03791891599121898 0.13208862323028261
0.13344341478426475 0.13360415621136934
0.13114519601996846 0.13465814405738494
0.13667720008588652 0.13793385552032816
0.1366398245449419 0.13807049969391863
0.08644280397408205 0.13856161677705964
0.1169350465122701 0.14016912434744555
0.14121064379053658 0.14133616842725513
0.10423857706706217 0.1425427415058771
0.14026045431080256 0.14274442140597307
0.1428897233876729 0.14319377141983775
0.13853370840304813 0.14377866550414126
0.1296041679685055 0.14632758624135309
0.14416920942833292 0.14705538837037374
0.11505811034369264 0.1471471840946373
0.1222569251977861 0.1475991964672163
0.14806073436964312 0.148453260543493
0.14767769408148096 0.148717009171922
0.09055137573571152 0.1497947475163415
0.07397184590516258 0.14993964186736733
0.07843068464612239 0.15000057234993958
0.15042375557534635 0.1504422938573184
0.15068373778017444 0.1511371948411655
0.15125997274503675 0.15180658494551652
0.14209930652794514 0.15194412795288756
0.15455076458895686 0.1555063589742791
0.08141316091727159 0.15718286117318747
0.12864788091557394 0.1575533118856123
0.12232332040353017 0.15804455197400005
0.15826931533152924 0.15882927741706634
0.15691532161007468 0.15898232186187247
0.1586885962404676 0.15899483994619013
0.10167577876698435 0.15958531024035974
0.1484832007049904 0.16157525402716713
0.1598562937771572 0.1638621179347909
0.1343770317200087 0.16440051551736007
0.07107234495990448 0.16454881015706374
0.15110699554452264 0.16492026277818095
0.06946069735836856 0.1657026741161664
0.15928288817822536 0.1668194176155275
0.14843995147502048 0.16760452321576927
0.1539513531628878 0.16904598223313594
0.16830789068046184 0.17255635968073954
0.16893069025742286 0.17332719481959805
0.17214246124280652 0.1735322870827046
0.14365522486194704 0.1750486676317042
0.1366341558619818 0.17512228209263156
0.11221202872242533 0.17531263684451676
0.10701308127101286 0.17532573429775375
0.13176650649728014 0.17743901159196035
0.1780409960430419 0.17822896566414786
0.16787944113814207 0.18003692531888263
0.11954532879932106 0.18142125969060482
0.17627442151711192 0.18187153361568936
0.11408342519567208 0.1825305551651437
0.16534160021943967 0.18295711991943742
0.11974621479168544 0.18379764846407953
0.18329271906374817 0.1841012874690906
0.18039198920740046 0.18428683366297866
0.14779224592343426 0.184844517837043
0.1795572310342643 0.18569890386595864
0.17761960709812286 0.18706384681495247
0.18474255457839767 0.18829123718186153
0.18787234717216156 0.18874560973471505
0.16263615554285177 0.1895249051472464
0.1714192378662075 0.19128007572673242
0.1794241402646237 0.19131282286179194
0.12011415073484118 0.1913696347795251
0.18837574639931223 0.19225865861256553
0.18436483085565858 0.1924432032989852
0.17835904971834302 0.19486192527231416
0.1948457328427155 0.1957165134619093
0.18423249863168348 0.19620105288095532
0.15345395894180902 0.19795654674397364
0.1976010200266096 0.19883381230998204
0.13846275065811262 0.19933015070848292
0.19331520760668172 0.199789400309182
0.20043913880267647 0.20267749284131134
0.20301815001404797 0.2030193599007281
0.2019618444762079 0.20361012648382362
0.20287776252619394 0.20455421787983868
0.18573217501142636 0.20500099042996844
0.07235736827563431 0.2074477657218808
0.19260225313961366 0.20812727936698014
0.20483863228914012 0.20850699914603016
0.1348873570699526 0.20875788902361536
0.1909580361837787 0.20944991323864778
0.1885380775490659 0.21023842905073986
0.2104613144231088 0.21107806095509837
0.2098369835798451 0.21283626090667557
0.2112790215106106 0.21486564927264748
0.14359710978817636 0.21679583169333613
0.21492278490104852 0.21704096091969396
0.16309111892102227 0.2177105300923811
0.15205700236430694 0.21811961687721224
0.07457227561493417 0.22043849353330713
0.22059817020453182 0.22090184076866248
0.21848622236922016 0.2219104978750663
0.2093273596711516 0.22211997076744475
0.20126247416016063 0.22413890142382706
0.21559315201282295 0.22513636497023015
0.17737330456875702 0.225272011652143
0.18382150070149242 0.22725936651492648
0.21085367619972628 0.2307673041367623
0.2078545610991817 0.2330119550284068
0.23544476539940284 0.2355278575031264
0.19946734128989535 0.23584097996718856
0.18550302427182022 0.2359651867729501
0.18702780344497524 0.2359932483381667
0.21008016674384164 0.23666043322445493
0.23974908935182163 0.24030115262855659
0.23783430535437142 0.24036564812589803
0.24027969801731686 0.24037055982371072
0.2367538410849982 0.24076833403316128
0.23049391200801653 0.24191701677235886
0.09184680290249261 0.24357144642346143
0.16719547112835045 0.24644718055758066
0.19329527897026838 0.24736048852960046
0.24522086874101623 0.2473757064224183
0.24121847898300372 0.24907792303219847
0.24571483739357058 0.24916369389452947
0.2495043130230949 0.25295782935402034
0.24952067571247488 0.2532425969754902
0.2539246095171254 0.254388419044652
0.19571035168588216 0.2560492337227511
0.10718376576985651 0.2584269295545143
0.2571456082779817 0.25902843515181523
0.25826835679293697 0.25944371451786585
0.22241906632526134 0.25956300131023524
0.24611089303527064 0.2627232720072433
0.11701529127831947 0.2635503400853742
0.1642411480618043 0.2648880274339213
0.2586312036771016 0.2651444453124857
0.26790228838704794 0.2686714499269285
0.26008421919124824 0.2707800852172204
0.27073569514572615 0.27129508317377077
0.2708946584812183 0.2714935459061151
0.26552296224995386 0.2717651368553361
0.09438061214838951 0.2718015897721742
0.26698592790010006 0.2754654318530472
0.2759323503941925 0.27619261935029615
0.26742507274551464 0.27782164474322485
0.24731697256446816 0.28018744721742267
0.2810011848408568 0.2810060431052486
0.1945227974389777 0.28228942737410073
0.2673902728086377 0.2844817987214952
0.28108213111463315 0.28764194193972387
0.2886198143201143 0.2886273740553231
0.291159930876546 0.29155578697869994
0.1788699395776808 0.29377023685879644
0.2864949911171953 0.29439596465966006
0.2746005091680005 0.2956975357268481
0.2889088281619425 0.2958042642304851
0.2922842036458387 0.2965746844021702
0.27037069710653233 0.29669282223732185
0.2969967188843561 0.2973917109284092
0.14665555445964015 0.2976075586898089
0.13822990476609096 0.298420903817862
0.2919617897795594 0.29855081803121813
0.29883681390589456 0.2992317093805442
0.2728823014581204 0.30215479865998285
0.14418078513265825 0.3022206596777364
0.2631528857656982 0.3029868197591543
0.19944165976401496 0.3030452937784534
0.29099417379277354 0.3083955309264641
0.11664030813876376 0.31264435055789713
0.20780286078038915 0.3148626044546045
0.3183540884179877 0.31951761279462515
0.31843833704220703 0.326048966891585
0.32270272512721143 0.3299231826043919
0.29841845383266147 0.33111564677608274
0.3304459860071428 0.3334139298570055
0.2872459337907238 0.3391448375420905
0.27589913465290666 0.34335671321961597
0.34282987313819124 0.34407991911501695
0.15612223957520224 0.34762901727544826
0.27186101756469205 0.3506765497305795
0.31125749846330986 0.3529332682176091
0.3559403612717685 0.3564514915724133
0.3415382493383488 0.3584373655999211
0.3522916442023251 0.3616241199307883
0.29164035477952277 0.36166238778578186
0.20333964420797201 0.36304853209130084
0.3403522458025386 0.36349340837423755
0.2822772299515476 0.36357257659260944
0.32516762982951786 0.36498955452748094
0.35939478975982964 0.36554615668185
0.3393242138536311 0.3663405618551442
0.35462605793190427 0.3679750061174757
0.257717380802496 0.3693183853603618
0.3135332616307769 0.37187347388757197
0.3715931597000949 0.372041572389456
0.36870009648099433 0.3721263814211452
0.30980447032854225 0.37241916883701476
0.29005674684908667 0.3726360293149783
0.3622663024152963 0.37488258735568886
0.37527986478884423 0.37749892118078443
0.12435591834192417 0.3805036120035646
0.2216888606249345 0.38124551938371815
0.34623143887868213 0.3817894338817215
0.21746369447652017 0.3826409343957882
0.38328732588598885 0.38362316461525947
0.2537730182397737 0.38523508095357323
0.24899178651175477 0.3885743001498082
0.3881582057280544 0.38859086985225205
0.24812796196812187 0.39663962346401943
0.3549101571083106 0.39819529570695916
0.39730641872012856 0.39976665531988975
0.31457355469594384 0.39996296754470473
0.3865204098591245 0.4028528937117285
0.36468368629243053 0.4069186899680827
0.4080260127562931 0.40805907414565223
0.41027716897165056 0.41259585283081307
0.4018646104897911 0.4162061184168071
0.42260416558063174 0.42290995786943597
0.4285295545162226 0.43166436619351883
0.21303259879077022 0.43882498492947297
0.4232295018006162 0.44063188871487324
0.4332889402757253 0.44149147408518213
0.4408182259546214 0.4422650309944483
0.4119143502973702 0.44975121504052956
0.445845319677861 0.45120734834338044
0.38150684488420605 0.4536803843608472
0.42034391189646225 0.4541464445084109
0.12476851545009222 0.4569646716537269
0.4093482082438108 0.4636306243957872
0.439752778760199 0.468109010628313
0.46694426033239844 0.47612739042151686
0.1943818723877796 0.47803572135486333
0.4501967957807079 0.4785064434391641
0.4734604711234177 0.4795287286671897
0.4821426223532721 0.4821713740204288
0.47009825384870124 0.483592840516836
0.2099363423598234 0.4900463873654819
0.46198660222329807 0.4935151754369055
0.49003082317968427 0.4937038418623976
0.499587254026958 0.4999253540935262
0.29424497007826245 0.5037297721176341
0.5088374955097078 0.5120433036673423
0.5097656714788275 0.5137263291663177
0.509314528631472 0.51734090717607
0.22351330869261726 0.5198023282002295
0.5225782663273826 0.5237293578745628
0.33316491505563817 0.5248389370004651
0.463453150444183 0.5262746952192117
0.5240130068071995 0.5301285076147655
0.30117522772388744 0.530725197919627
0.4883472297795844 0.5313893843383967
0.531306745318561 0.5325614119157625
0.17172617895863704 0.5333023213404791
0.5055229168512766 0.5373880853379227
0.19213596585791615 0.5457562195123581
0.5495194053501188 0.5519734099273262
0.33056229677361004 0.553547039681779
0.42402766358984495 0.5576052260656154
0.4888394452284322 0.5593899726668462
0.5601440657221459 0.563982443826372
0.5537953787903442 0.565287232585546
0.5408788176860247 0.5746996418218272
0.4931557984782545 0.5785851408879833
0.20894360301496961 0.5819552094358781
0.5831788234874873 0.5863669273369859
0.5505997758318188 0.5875254491667281
0.550451556027997 0.596625486623695
0.5997385523777975 0.6010589982495482
0.5733685522601732 0.602473750905181
0.309862740156107 0.6045674051153271
0.6009668618020068 0.6047689799747515
0.588256324931246 0.6172026553788942
0.6031689516258951 0.6316947256865441
0.6299631220322838 0.6337061913610568
0.6333001129646649 0.6347745906042507
0.5024490882016505 0.6350075025416719
0.5149649013187473 0.6374571061607004
0.051831444910212146 0.6404552296790551
0.6446075615178514 0.6638101013220061
0.532471555586389 0.6641622242429946
0.28799850155336765 0.690071687036613
0.43475849060978744 0.6903476332958113
0.6786246079459922 0.6946434931507711
0.2905613649319164 0.7019346007607382
0.42893076079408804 0.7043516251171411
0.6686480276856859 0.7175526339953193
0.4725758209727927 0.7427414210955706
0.5660631164623249 0.7447851397999513
0.6929066502458128 0.7453615962461582
0.22171649866346557 0.7520561348327471
0.2894240245473514 0.7621169087220259
0.21959507295462372 0.7731407597449731
0.7870579835901561 0.7881703817484664
0.7855733856095716 0.7889879240731876
0.618291320469226 0.8026147308306985
0.7550572801517943 0.813452055216144
0.835368000687379 0.835773241598227
0.828157791002259 0.8429590462157115
0.8022222202926645 0.8484872696709815
0.4139985006724271 0.855990812836497
0.5832835638744089 0.8587096274314192
0.7118435822061799 0.8908747373629641
0.4612577368472841 0.8937499849479971
0.45216136804029994 0.9154830780234003
0.24974722222992232 0.9307087689509331
0.764308622733025 0.9727522586560727
1.0021226245547958 1.0041144427918793
1.0122573360826288 1.0123497696713604
0.9342279956245767 1.0238123273062207
0.35477595421362723 1.0642287977277656
1.0163685786035106 1.0847116874725669
0.20879609885455117 1.1089774998920627
1.0756846172882963 1.1149030737869063
0.23827723560281222 1.1684764138226804
1.1914436826695873 1.1945437168678077
0.3557483051912188 1.1962120975042498
0.4063215773452663 1.3409253064234155
1.2972589426849916 1.3427630239510076
1.523665429082468 1.6718140278066709
1.7977124071912336 1.8309989237409674
1.9023945743626844 1.9036224864698208
0.15604274602808216 4.000001992390833
4.00060551684892 4.0006056742358345
