0.0002541230778853034 0.0002968807328178134
0.001078113151898025 0.001105224545174637
0.0014781948262146084 0.0014976035807101728
0.00150293020337852 0.0015322952078056632
0.0023769227078202504 0.0024697859585492555
0.0026227413181258716 0.002625938648088524
0.0027208302536534234 0.0028042529189229587
0.0025097695891583634 0.0029318322084055143
0.0024324534257577006 0.003101968663158024
0.0024769479351504082 0.003263847179711507
0.0033727552462619035 0.0033811097481295507
0.003386958409809379 0.0036941601073700314
0.0037232620333903467 0.0037645004333483794
0.003766074884693592 0.003819904886469405
0.0030918372561689095 0.00396904649522023
0.003866848050294365 0.004032607808760269
0.004154618497210993 0.004203260151351343
0.004491991822422351 0.004577798725394101
0.003962251742601331 0.0045969436963405
0.004369161113300975 0.004667237853709424
0.0038139892578796077 0.004832687850495915
0.004902051387863851 0.004975534156369497
0.005227605888054648 0.005228111925978959
0.005280908079314962 0.0056490864687044106
0.0056974158506949875 0.005701027752276646
0.0055995245963099535 0.0059713446903275685
0.003790912112245287 0.006250226798399716
0.006211834488153092 0.0062702541121346265
0.004614451972839577 0.006543117255266954
0.007032203228280485 0.007033195766992135
0.006218364700959605 0.007484906816915476
0.008429432710198765 0.008432096239141498
0.007763868376062234 0.00866569327157769
0.008732061244578633 0.0093694370821091
0.009688415756952666 0.009897714257971753
0.00717698008074018 0.009917793662188406
0.009809333046681282 0.009960449491115285
0.009884072154623115 0.010373723398466792
0.011034749277279335 0.011148748916674103
0.011484380771643984 0.011647515790016888
0.011609725916987883 0.011978703213207827
0.012010837412074968 0.012060835548974897
0.01072888876741733 0.012322000158824108
0.012599716619235299 0.01263078362643331
0.012682509072982174 0.012687818860473566
0.013006136693027916 0.01369248833833263
0.01336561702731722 0.01378069975809865
0.013877759606367158 0.013913898229662738
0.01366484086608938 0.014057916451938112
0.01319358318192504 0.014177451197523654
0.012083517841326896 0.01429037459263633
0.010186828638639026 0.014347362659685092
0.013556564267678817 0.014425599938356364
0.01427043001623408 0.01446780835178981
0.013950523805598908 0.014509881047385991
0.015149908789056551 0.015155261755896111
0.014800491274821154 0.015633343128483267
0.012558661262258913 0.01576115722469219
0.015583756057521044 0.01592121969011169
0.012693756060036622 0.016079906303457205
0.012993341847992905 0.016083281738260083
0.012485669045158016 0.016179542300909944
0.015590435524178653 0.016607022077045952
0.013752612197111816 0.017201102054703564
0.015688457711605958 0.01724222838585172
0.01548559494327367 0.017550244357293198
0.014907217935534694 0.017809962443031967
0.01749092813074562 0.01781779906695716
0.017297313066907773 0.017826668849392747
0.012236140525148488 0.017969500240438484
0.017826867510983276 0.0180577689825426
0.01792487828588866 0.01806333616285751
0.01784228069197976 0.01849516184502716
0.017620594513751947 0.018596562118370713
0.018840743251605317 0.018928149385233663
0.01680604744190679 0.018936362584793403
0.0157372483096484 0.019197971971697564
0.01929056858064573 0.01940255543003115
0.013100077884277668 0.019655943962877606
0.020756927221774163 0.02122316474217758
0.01857698263961796 0.02139730147553846
0.019725996130499655 0.02146170276764002
0.01531404999295298 0.0218065349067351
0.020257489474475004 0.022332644257354525
0.022554825601108497 0.02272626609101143
0.012187128982775627 0.023012877967571316
0.0230323057127174 0.023194381332708243
0.023808569001957162 0.023810714657641206
0.024517385916302627 0.024666442713099642
0.019849946475231084 0.025642268715253005
0.023921703700128572 0.025858111869032335
0.017715654337072766 0.025951220688150603
0.024792357368724392 0.026039503160006902
0.025897890728065004 0.026122908343876153
0.006168558189092786 0.02676147132226638
0.021191988132679484 0.027499956589986743
0.02747149281722849 0.027720588828043128
0.028002855086361314 0.02801492387324587
0.022454736073833564 0.028225137598957426
0.028008438099467466 0.02847018325064064
0.0269187715934379 0.028496378674287164
0.028806354831678323 0.02881366434485831
0.027073483866445997 0.02935166069941433
0.02981640497401952 0.029828410568963872
0.01662898346233521 0.03055464553187544
0.018438017034973338 0.030770224892557697
0.026964506020817423 0.03122298968203805
0.03113489686085748 0.03132448895358815
0.03099160221504051 0.03172534320881579
0.03171603788267838 0.03179859196552783
0.030968026473340193 0.031947306916574984
0.03154860471466978 0.031953698440380714
0.032084669596227675 0.03208483615751652
0.029275690947893663 0.032432507270595656
0.03278501163156174 0.03298327826624487
0.030128912737031652 0.03303765736798052
0.030293767746396662 0.033622591082755664
0.014567590027677378 0.034428780150814464
0.03174564868122498 0.03471958259521942
0.03482862329514597 0.034888883731990755
0.03485835655218011 0.035220856249761505
0.034079892942653595 0.03547172963790875
0.031924569468159684 0.035813415803584735
0.03058778018405626 0.03605449664362153
0.03648637494875474 0.03658033915798001
0.03358268105544779 0.036765888030747644
0.03612295322684555 0.03697442301793907
0.036346772952004544 0.03706794172293202
0.0347839302498221 0.03713561690963537
0.035595026349455404 0.03762127477573137
0.029422818154591718 0.03844263752557464
0.03443635526912884 0.0385082932236251
0.026066064526078632 0.03875261139465396
0.03791637063330019 0.039468251980386566
0.03371344430371462 0.039675356337585004
0.040596329699109826 0.040599253279620044
0.03904208463340808 0.04062024969051881
0.03944504858766981 0.041265618549135526
0.03870601422835475 0.04185896247972528
0.040922540323036535 0.04219128111295731
0.03678084773916504 0.0426242206825412
0.033349817634996164 0.0427284527284735
0.04291930860556281 0.04300659992765908
0.04270114199991638 0.043329081392841966
0.03820687326348971 0.043599087138969594
0.042971843540478775 0.04384103709095801
0.0369124261270384 0.044670882483044586
0.044566807083859045 0.044832605365425736
0.04416530788600634 0.04513649122272291
0.043201894969433795 0.04572429639433043
0.04295524653762606 0.04582377716812052
0.04523697899086932 0.04601505656934896
0.031131963913099824 0.04610459589393071
0.03885645412539662 0.04655977538641541
0.043496201700644645 0.04670736866151753
0.04528746331453246 0.04706031736438236
0.044323350047311305 0.047294527723113454
0.04656091385770876 0.04761751996745458
0.04881720333781826 0.04882925460624833
0.0485477912028609 0.05060585068684566
0.05008437618426161 0.05097846335774956
0.05085015789719869 0.051502491407546515
0.04582519006269144 0.05192415574436026
0.051672873251108656 0.05255738606639945
0.05240906131234361 0.052633897503327545
0.0529586699926188 0.05351054994390043
0.054321051844511456 0.05432522888411312
0.054871677193604404 0.054911661694253114
0.0550333209903199 0.05503346200622497
0.03441547764964225 0.055356530896342425
0.03234002908838814 0.055450531210340166
0.053785097230053765 0.055665600096168374
0.054835241913692 0.056095022108485805
0.05613880806880893 0.05613937064176188
0.056083463642792895 0.05621675965660369
0.05475670881975005 0.05637768795663
0.055342408649705986 0.05655404073488599
0.05266825380805995 0.05785774088399611
0.05804625115038621 0.05811323955929301
0.05543924379857673 0.05828967573558034
0.051726880018288186 0.05863058733216314
0.05394769048232466 0.05912093670102574
0.05626984539222084 0.059141510909927385
0.05717149532002183 0.05988452091326401
0.055379491191957064 0.060447187069256864
0.056927780039794096 0.060613687149195475
0.06124537903447651 0.06126371006728076
0.06137472486829553 0.061443353831398234
0.05795735603002861 0.06148217988439167
0.05719301087507935 0.062240217048756125
0.058263607413893304 0.0624840389857858
0.061947972048875664 0.06297242525780392
0.06290377241112341 0.06300833596166587
0.06292804265438946 0.06337737829331815
0.0382910701599396 0.06399694049851154
0.06212577503735058 0.06408085684365677
0.0644969920238362 0.0648841709678368
0.06508862672054391 0.0654529150218966
0.05794716638064961 0.06548352101595398
0.04397345837781137 0.06563675349509901
0.06461330461148768 0.06577737858132775
0.05117875709672598 0.06611684400435422
0.060568876185683136 0.06719084132717464
0.055533279598436125 0.0679614189592583
0.03352008871499683 0.06837111876583685
0.062213387713870416 0.07012991191048881
0.06868871596084504 0.07036993527756388
0.07106906078484687 0.07161157603883962
0.06869509623084377 0.07258993950452108
0.03276698464386074 0.07334738634765169
0.07028807432850104 0.07391778328715562
0.06605257090291256 0.07399748377275996
0.05695478326461264 0.07438939201617573
0.06838676104900665 0.07452084809871731
0.07445250536393498 0.07457302517653769
0.04300227536764198 0.07469085247527597
0.07500169223776287 0.07504482199300247
0.0744308140271765 0.0752030981975923
0.06485942170830702 0.07532531076369336
0.07164788909941328 0.07554368465820877
0.07515386340615025 0.07559590478464374
0.06358484823185903 0.07599352249240598
0.07608821899446239 0.076116751894519
0.07614812337268034 0.07620596348268463
0.06001839033025862 0.07641376655832625
0.07351413214495092 0.07681975279910505
0.0765900456340424 0.07746521599357149
0.06998352334195386 0.0780004982520839
0.059195529350505406 0.07821574928447786
0.07444854367385213 0.07858434385566397
0.07769466731632113 0.07882069797767155
0.074874296609863 0.07885964168615096
0.07694141512791429 0.07895103109282915
0.07982651760054274 0.08044398766122657
0.030346810620589575 0.0812246478907141
0.07713892369165502 0.08190943661349367
0.08308315988126391 0.08372734106672396
0.07920062893277273 0.08387853578475372
0.08361274691907082 0.0841686309068981
0.06108783408833766 0.08497097879556714
0.08098664180730131 0.0850619903162172
0.050867079640851756 0.08516900261177426
0.08378521452568012 0.08554168711130633
0.08578433518815805 0.08652008757476684
0.08668970687997668 0.0869565589617296
0.07548287864500933 0.08797356943646317
0.08590453473959274 0.08813559187376291
0.08223538647208811 0.0883834387987916
0.08532306038625123 0.08861512003426593
0.08840048924697663 0.0886305029990977
0.08516604009407712 0.09068764113938345
0.03337087669509657 0.09112522472401001
0.0767459152860245 0.09142306295440542
0.09162142147787174 0.09236820560675292
0.09242785113195472 0.0926835694465347
0.08941289279082115 0.09269182496398426
0.09272588540517868 0.09273075373824653
0.061235378652156724 0.09287791405440851
0.08084673694570496 0.09322626736653536
0.09295758103508045 0.0932365603281489
0.08229608872035338 0.09349717747524477
0.08646492594660737 0.09369591466779505
0.09428349517938545 0.09431801885202035
0.0886699587519437 0.09456239525547089
0.09241700533505054 0.0945657122709845
0.0945143283658644 0.09462549187090985
0.06550540988633549 0.09492181275177108
0.0941068281119195 0.09493882860082437
0.08781031087291731 0.09638807696220505
0.09837157932088379 0.09838076687714996
0.0965738675961649 0.09916030333902269
0.05836165583067381 0.09924330095975013
0.09749342866301805 0.09945826756104727
0.0990285209498844 0.09988582176499405
0.09200537186328 0.10003381819839226
0.09538630001426654 0.10036085975793721
0.09983946562837896 0.10059194590638375
0.08221036857438888 0.10091088560070736
0.09992233052883247 0.10103488411603906
0.09443282777139168 0.10226541508045092
0.1025180474024516 0.10252096653069931
0.10252113368923839 0.10278022406449326
0.0889332552516392 0.10286552476525289
0.07764393838539631 0.10294887414231388
0.09650745139130285 0.10295077834697364
0.0748597869334289 0.10384506181303593
0.08121321973694563 0.1041329170947569
0.10372350026845986 0.10417065478549929
0.10466392442798864 0.10479831639302925
0.07247805413347681 0.10516064206984688
0.08768169764562796 0.1060336324803087
0.10278605690227113 0.1065955731079776
0.056393529674044415 0.10677067283974664
0.10577447410001745 0.10683209732029147
0.07110114037586816 0.10829402205073595
0.1092725917137639 0.1111674848880663
0.07522705809447328 0.11132872131715192
0.1128755944786131 0.11294325180188193
0.10862881167070705 0.1138710877809846
0.10812979061213206 0.11459364353009029
0.11352045808871764 0.11508647554380237
0.07968192581876192 0.11566960281143396
0.11124561961031021 0.1158159351078602
0.11611466927733691 0.11617943042538188
0.0791848208046107 0.11626397351634019
0.1093219533176232 0.11682682630846247
0.11597803700338974 0.11829445288117471
0.08361633211891717 0.11957301726728696
0.06747674058766676 0.12005707056680433
0.1211352333707164 0.12121843082934557
0.07037445690227014 0.1213774129111698
0.10421498251934773 0.1220335952764366
0.09873648757236622 0.12260641902450539
0.1183651939031554 0.12359861344537681
0.06880221895156778 0.12535549695935988
0.1259062978835846 0.12596369499920637
0.06526906289588745 0.12605163329138894
0.12702209499233427 0.12708472482979222
0.12300004530959957 0.12816519583123362
0.10667119046714718 0.12828357591144762
0.12532636581218745 0.12941992524803567
0.1152060153744603 0.12946664922739912
0.12887739735776052 0.12954887236416165
0.11861452252883582 0.13047071932195117
0.08461688682777982 0.1310738728146471
0.13102565582342626 0.13195790424814938
0.08941442193619913 0.1323568291932203
0.12338270688809186 0.1326489665319836
0.13527259212532883 0.13536173871562965
0.13489756524444624 0.13568370829085213
0.051447154658825524 0.13569823413998636
0.13375220105872632 0.1359214742893739
0.1203612445444972 0.13688237288680075
0.13310792799142668 0.1369456944578572
0.12979436312028642 0.13736796891675845
0.11121455689849047 0.13790436587180388
0.1274805135323368 0.13817322152512637
0.13813103623660059 0.13817412773290666
0.10218678416188344 0.1391890800010061
0.13792452969465105 0.1393314197781004
0.13718635826732903 0.1397147768110252
0.0729680131158631 0.1422994377720082
0.13757562963232906 0.14323794547228294
0.1316516344168365 0.14363203732303934
0.13286342600514575 0.14366384778189767
0.12831852505552804 0.14412841947263574
0.14453096579754035 0.14453746312816973
0.09924375832304227 0.14593624886193302
0.10527008541216414 0.14599339240866596
0.13976662721448427 0.14660218571145972
0.14664548496912125 0.14684057245336019
0.1288509739797937 0.14841026302039692
0.1472932742783135 0.14841094122121087
0.1480433519910307 0.15032191390220603
0.12289753242847441 0.150346552399721
0.14602079437661192 0.1505044862932907
0.14892816306715406 0.15149175244748522
0.1486947034140687 0.15157551284660173
0.14162284816530446 0.15239302478282765
0.06995102747046254 0.15296130750005102
0.1379285293825642 0.15511600960335292
0.15517797196327374 0.1556721074162838
0.09430436917948405 0.15679227171265164
0.1541026564215168 0.15836793594161588
0.14655168592894458 0.16011292509927572
0.1595849666810965 0.16031072914482872
0.10584018828295388 0.1609697284085458
0.13514797055191424 0.1618132301110172
0.1491092363306939 0.16263919434490667
0.07085539381077827 0.1641628366436439
0.16480477357710488 0.16493518191515505
0.16254546961946506 0.16516414266151908
0.15704672213220758 0.16575141702052285
0.15388899786927449 0.16651348751191547
0.11472929584753282 0.16653921701302737
0.16286703096365807 0.16690336812229456
0.13026842088274979 0.16752082016592162
0.1625230872670335 0.16850013789373525
0.08973075919278081 0.16997593337140263
0.1657819852242503 0.17026613673225097
0.10155530939549942 0.17192449124659892
0.16891947234545843 0.171962753757043
0.15790500261285162 0.17241633993557243
0.15572003165717813 0.17403660082307998
0.1390383528693305 0.17846561637431474
0.14746483750161848 0.18034546159771622
0.17435354015370802 0.180560837762808
0.16955479700614737 0.1818537125121592
0.16796343377660333 0.18225034692957778
0.1775090742464318 0.18564224768566503
0.13426705751211246 0.18566377054667843
0.183716632237006 0.18621577601323308
0.19262078113748154 0.19303674646526442
0.18377793930451577 0.1937530223886895
0.19145989108617795 0.19386832634527404
0.1630219296122817 0.19457345892716257
0.1960926190416796 0.1961816894421318
0.18710682974818593 0.19840441458913602
0.200538933007819 0.2007050789747507
0.19059551888151943 0.20559588119251365
0.09945555255196876 0.20688369547605284
0.1027795348280619 0.20767066292394878
0.18669424689169817 0.21040148735414266
0.17789340687486674 0.21161574610546457
0.15962496961049938 0.21162730950851544
0.13665220543571302 0.2135790838537036
0.21445940370512984 0.21454790848185154
0.10330078366848122 0.21471921039390018
0.21695868131269588 0.21695939417111607
0.18145149984379852 0.2181394095279822
0.13632851768171106 0.22120451979741015
0.18135998480884846 0.2230611624474248
0.22442762129956084 0.22630021468638595
0.16446453996607774 0.22955110320821584
0.225213441434315 0.23579008915916225
0.12360037652814629 0.23589602087506742
0.23045031204238736 0.23803189028463884
0.2396014541907987 0.2398055180707353
0.1966651529844905 0.24409819374127822
0.24415695851268762 0.2443239295475763
0.24427973327703476 0.24481839698870123
0.15207873860021548 0.24526015129667147
0.24325211977009892 0.24571433480757182
0.22989331302416313 0.24652799288878288
0.25208466051427036 0.2521720740898323
0.250304428614459 0.2526182607930502
0.14249360273054196 0.2533966844197988
0.22281117143148663 0.256184993149673
0.24033794119548768 0.26047417780413457
0.2579010692096631 0.26189321338112015
0.26204999438589643 0.2620789438825846
0.0864826694092517 0.27054452308853744
0.25484027906793216 0.2707591228416382
0.1528032865515701 0.2740138335180435
0.20826275887831153 0.27822197418616446
0.2772398487233582 0.27848899805524113
0.2787344894992119 0.2810747628632971
0.199697803815609 0.28135398486841523
0.1549367180013231 0.2827912560875333
0.2621094021328373 0.28337921805653804
0.16575375058497213 0.2858967428880985
0.21717823011919463 0.287716594247075
0.27698350498974966 0.2890269391569462
0.13130132517759674 0.2895899092176102
0.14902448873551155 0.29012585257700096
0.2889262840697233 0.29041341067351406
0.26667631908175793 0.29145599988830345
0.2914838661828455 0.2915198815209747
0.24819568411528328 0.2927469326568519
0.2382972476947487 0.30052831206737807
0.29359388467592695 0.3058699324945935
0.2802485362161678 0.30919464295900045
0.31088486990187153 0.31122310554587423
0.31572964162759487 0.315776114769349
0.18564231912959112 0.31897637075523017
0.17266216489788205 0.3194158801519619
0.22181774167662777 0.3222887939500697
0.3286644947770954 0.3293467688783952
0.11889637752812125 0.329947729566399
0.3270710067578224 0.3318641076127672
0.26635276420431503 0.33230110353243403
0.3138783308293216 0.33630168842296215
0.3374975508733957 0.33789200849369955
0.3307360128841731 0.34314096598726096
0.2171068034511409 0.3469725959511748
0.0789111824174878 0.35379400888221485
0.3564133088065633 0.356990576298668
0.3575960579227411 0.35928986197351354
0.11229382586969047 0.3597491980726575
0.13196230132984235 0.36986703503345914
0.09408478882094815 0.37234929955450846
0.21221964177872565 0.37766331829665734
0.3773584184864244 0.378127614185277
0.09028256132223961 0.39493580787428045
0.3817933337723597 0.4156373311457618
0.2874842552837326 0.4251648334465147
0.39995734541891115 0.4315742990256049
0.10413952866721532 0.47431845569938486
0.4546550520005077 0.4794192417010735
0.2079035465258665 0.4937872403712197
0.5339233034484546 0.5401991129998084
0.14720030772173184 0.5505673177804434
0.5382869004482922 0.5648534216615114
0.5658344425791345 0.570890640848904
0.5651446962981659 0.5723354897149984
0.10996233784156993 0.5823557838145748
0.5331972600291646 0.5849364262921075
0.0891996034047953 0.6155589192053146
0.24312379630467323 0.6244582598960335
0.1066909960760934 0.6931153326766164
0.6793069214756615 0.7440278539902785
0.8266878759467305 0.8277941329622195
2.8314201849586373 4.000000116441705
