9.616775711401973e-05 0.00010207595469596496
0.00010821368977247681 0.00010911559047473225
0.0003181779942086623 0.0003231704150879183
0.0011247153631499512 0.0012213333383701056
0.0019441350813103858 0.0019838951013662824
0.0029382742746488478 0.0031497773242919777
0.0028424733958809754 0.003345255731377148
0.003367961828374515 0.003370997008402459
0.0033565153458868387 0.0033851671246322742
0.00349463341347249 0.003495015871632845
0.0036446357896953575 0.0037253864033738116
0.003728333385974531 0.0037631479825138187
0.0032879980133801332 0.003945888280516513
0.00382379285352861 0.004064844545941636
0.004078837362332001 0.004093695266589613
0.003945262203711734 0.00426327058707441
0.003025303881422366 0.004479259354096493
0.004519444565397124 0.00455402382984545
0.003731245502950455 0.004582515087437882
0.004730386514681231 0.004736089039769726
0.004853991912308537 0.004856288528589684
0.004864236236291513 0.004873044270719344
0.005317563164890226 0.005563858339704357
0.006016242491986129 0.0060768986671317
0.007121848279291549 0.0073118359386856804
0.007180422937335413 0.007556443399465764
0.0079462259764924 0.008301218014890574
0.00842013141365634 0.008489271935196219
0.00874953476708203 0.008750818321017111
0.007742152613999508 0.008770131838179351
0.008777954077996912 0.008830323842008313
0.00802825592114593 0.008979917426253923
0.00813688399457948 0.009204685445344838
0.009503227518281228 0.009872957508601813
0.010178365917825297 0.010728747142839314
0.009314454973738276 0.010801430550159318
0.008491238553225611 0.010891605932170915
0.009902693785650325 0.010944611523951337
0.009331724121029146 0.010968793493944681
0.010937974975995962 0.010998027529609843
0.008545203503083286 0.011003441127752636
0.011120109559155744 0.011124607491414428
0.011211370032525668 0.011269795844740962
0.01166312841239135 0.01169519259701882
0.011965219213037915 0.011979519192593812
0.009869849301201505 0.01208997972046556
0.013151387601619607 0.01315703036661909
0.012427621419633187 0.013303840366680255
0.01355184845111262 0.013699272622185399
0.013645050929706271 0.013742445313896262
0.013297969716280224 0.01454152211255081
0.014979827186727175 0.01498248008797344
0.015641359192023713 0.0157243420530389
0.014874082873971989 0.015760119125818206
0.014523396735934732 0.015896817862536248
0.01677024840869438 0.01686368336915339
0.017411812996325864 0.017474271907498565
0.01754195107215797 0.017547242468953707
0.017608424130961992 0.01769287783031754
0.01823962529651574 0.01829057474262908
0.01451783174846922 0.018373711120056996
0.017897268932333784 0.01869469505829837
0.01674273388945056 0.01900958296393207
0.016870853612349062 0.01952481499063935
0.019401122916524138 0.019848076613169084
0.019443767344070138 0.020246446279568526
0.020082415810305797 0.02130552316274855
0.018223131312712013 0.021306456949816772
0.020129816113972236 0.02159278102334065
0.020758400907560873 0.021702606946543974
0.01878280203677001 0.021829526661280144
0.020659995310724974 0.022038725744733825
0.020827768393640485 0.022348493963670724
0.0224227117923682 0.02242596445185953
0.022421058230671306 0.02242694466675657
0.02110255857293928 0.023004521054378713
0.023250628435237116 0.02337316450139876
0.019661706939576563 0.023564440048984434
0.02363084828976661 0.02363309411847558
0.022785465080224106 0.02403400906300253
0.02368880515381968 0.02426620841183231
0.023454907824684252 0.02431489872018449
0.017708535452730486 0.024392912890863656
0.024524085318411437 0.02461071912493135
0.01296795064789728 0.02473805327849473
0.023762648849154567 0.025442006953822413
0.026744850969400394 0.027760179163877474
0.02787750239900316 0.02802031740495735
0.02527996589210293 0.028080452249582444
0.027764935078048343 0.028445261249231905
0.02484314792361933 0.028926485532992405
0.02640490344836002 0.0299421328337657
0.029781911189120807 0.030035379268210295
0.029790633712476408 0.030061890806710005
0.018281451579463603 0.030207771155609443
0.030612756087566164 0.03074855442001531
0.031169871841453735 0.0313051064756074
0.030353194319536588 0.032606773798377016
0.031305554273605915 0.03323476047689119
0.032169911741154175 0.03336516857572345
0.03128343121940638 0.034225588180763454
0.03342927451498506 0.03434805693661726
0.03499725512118274 0.03501270179503769
0.03525274774899653 0.035272395311587885
0.034038165003173596 0.0353292534707517
0.035256610537973056 0.03576323897257792
0.0331514601017864 0.03582265261169384
0.035877093528869225 0.03663099283615924
0.028919792436662824 0.036710004813400185
0.036699375182198575 0.03682553898887246
0.034561382637370505 0.03724856816815673
0.037479237273060954 0.03763948965382147
0.0359251222663859 0.03770280769149757
0.024117311327798624 0.03788617418977726
0.031061478374144982 0.037901596898361714
0.03594586458863992 0.038280440137279576
0.037610527208580255 0.038582128401133016
0.03815589496485904 0.03930616787729994
0.039171653686857544 0.039879358336512884
0.036378179493613556 0.040256236284466645
0.03995859634755231 0.04066584836826623
0.03364060086827873 0.04086880374090947
0.03425840573867173 0.040897527755254355
0.03736995252920525 0.041077292629631466
0.04027938121295224 0.041647632911180545
0.04197037534587064 0.0420378951107349
0.04175353438832677 0.04217178102510115
0.03982114013137871 0.04225961334850771
0.0405885557536018 0.04258518391179006
0.04280582218302138 0.04315021988113362
0.037349159122920875 0.04320004910988342
0.04340925001328303 0.043835552475324495
0.04330863352737671 0.04415502992768104
0.04473249912441804 0.0454643877159582
0.04531270861054782 0.04571052525159757
0.03692278318181792 0.04577462162861056
0.03698932299972449 0.04578194109034335
0.04524927119708189 0.04693904666603097
0.03792049819365153 0.04708271220520823
0.04491318612800478 0.04741051327293155
0.04719286799337361 0.047496408176403285
0.047818776256700606 0.04828472379820571
0.048685855154854955 0.04876370550974749
0.04935884383311001 0.049735131428226415
0.04842479448909468 0.049790126288094816
0.042708495651319414 0.04994155214593373
0.02998890969515664 0.050110863518860835
0.05071705486703236 0.05104914635330612
0.05004044956115475 0.051076736186690015
0.04980735855754023 0.05110446955664027
0.0446938999288003 0.051324353416509705
0.04174603002993305 0.05155325552645191
0.05184744207640968 0.05192222956485466
0.046622139122177865 0.052142594000629455
0.04886046858750631 0.05262702065770614
0.053718920633653945 0.05371892068295207
0.053619559475850335 0.05424272987035138
0.05491821393377124 0.054918759780672156
0.0494642361422483 0.054948350075106844
0.05074519509713887 0.054959591444194746
0.039810585198895035 0.056136650800628164
0.05006215479696041 0.056160756111076224
0.05151288586426537 0.0568941864765562
0.05770653073546167 0.05770838658592626
0.057489423926984806 0.05773321177067405
0.03156921845401789 0.05773985823190255
0.05006575151392788 0.057743443398308544
0.05806231477423611 0.0581358100825939
0.056496355537723066 0.058312210348054345
0.05633634313744785 0.05834530980832832
0.02593529281803642 0.058363908208587015
0.027208842722140768 0.05905894773221315
0.059316334775086445 0.059327298087754284
0.05116368571538408 0.05957175184851028
0.059244631218673044 0.05959180901789159
0.05631561666608089 0.0597696347030163
0.05862278771082619 0.059915348898440225
0.05941400719423539 0.06034670431336117
0.05360427429209193 0.060829547092791106
0.05329292541968623 0.06091276620529963
0.04758834946798736 0.06118600314408781
0.045675998407573526 0.062105451660397694
0.06185561287914417 0.062331585922299926
0.04246669254697189 0.06242336665690667
0.05704349223437145 0.06369852457443251
0.05039310404601855 0.0644805046782721
0.06407285952392085 0.06468756932462945
0.06518864685522364 0.06581086855489439
0.05995259632156053 0.06597926194317215
0.06426451196689183 0.06603278115355733
0.05112336610576976 0.06608456515558848
0.04440482155279655 0.0661171001922439
0.06358852261646011 0.06638391156890876
0.0403516071793091 0.0665166967540727
0.05949257106941723 0.06716552036023529
0.03361666069695855 0.0676497162822429
0.050785142949730876 0.06845282310608626
0.05269400038072229 0.06883155566619079
0.04818127978990381 0.06899197234830219
0.04170251017236245 0.06902493914860107
0.060963789384869765 0.06905690206805802
0.06812046504049613 0.06950818169261867
0.062025289725136684 0.07105006721336736
0.07121383662132179 0.07147824069215075
0.06657005237663953 0.07161445608672928
0.05253941860347784 0.07162431130379461
0.07109646688974944 0.07251029878535938
0.06857590920383799 0.0730148909163904
0.06574862405592412 0.07328571892179071
0.0701156985990862 0.07413850261056264
0.07041846969591307 0.07437983619320226
0.07788825358148718 0.07801884192982002
0.07221128054561277 0.0790995659028393
0.07871115459721117 0.07912033102694785
0.08056220245293265 0.08121291272679335
0.08112052142148339 0.08162181805508348
0.03594477086567059 0.0816465854618418
0.08128730849384418 0.08173745845397992
0.08004845932479182 0.08177437410338388
0.06311883039525552 0.0819562899297398
0.0785986319614976 0.08201912580851495
0.07764030669211731 0.08292894562038064
0.06828756163645203 0.08310385049898035
0.08284742116248195 0.08323127797974846
0.07403571204068898 0.08378048789225426
0.08103810456375742 0.08384180829553327
0.0853385155189482 0.08642746180551131
0.0866537405924573 0.08699044372290544
0.08742418853913221 0.08777352423947998
0.08469594784218853 0.08798281886928411
0.08875913606728979 0.08884659165409463
0.038619310860092466 0.09040380237956785
0.08367806210257901 0.09065514945548929
0.08474330133978246 0.09109831670469327
0.08869336706166409 0.09224572563757046
0.08711932837505171 0.09281843184664441
0.0809481327065855 0.09292718570396996
0.08490594436573977 0.09307017673090691
0.09072144694073911 0.09374604634298088
0.09007307030952848 0.09379966036288358
0.09309673306242536 0.09560919391554429
0.09567544939255584 0.09586887671273796
0.09597865020527964 0.09622428541604237
0.09549231706785133 0.09622793627183239
0.09637557289626944 0.09650679552703927
0.07832491068350692 0.09705513423183662
0.08971187998346826 0.0978620383567866
0.09850645461584627 0.0986876856566571
0.09791153417489379 0.09926388321181574
0.09221458097809884 0.0996569146243955
0.05005159062335426 0.10042564545781293
0.0871123155578602 0.10056342031937264
0.09581116962548089 0.10076435844957687
0.10109039648958423 0.1012777785156832
0.10109195060102275 0.10163390318990302
0.10021563145257789 0.10165305005778384
0.1013542579553143 0.10180894857308298
0.10196121672021617 0.10196186621153375
0.09187272578851197 0.10231001080768767
0.10007578973368741 0.10252196214889032
0.09036878958461557 0.1031740152324532
0.09609131969021466 0.10340024137555091
0.10283398888501323 0.10404356563793409
0.1001667485955371 0.10472838722302637
0.09747393247557407 0.10480878267114001
0.07288080331607372 0.10502538489213539
0.09947757526125199 0.10531365538233987
0.10140197030444655 0.10629874444544529
0.1060258303940736 0.10666129769856666
0.07341314265044967 0.10693022893272491
0.09770151599523441 0.10841895452268997
0.10476450746795658 0.10856492326227886
0.10821286709854958 0.10927978442144122
0.10946459333566394 0.11085205429757852
0.11069237039042867 0.11231464573184359
0.06512506178452099 0.11276324048447783
0.10042790809929367 0.11349584589012149
0.09880260750110816 0.1140694982055471
0.0956991424424186 0.11428342627661625
0.11281061640420872 0.1143444015153553
0.09747595797479383 0.11483416701843517
0.088390732293452 0.11492093158920588
0.1123952028668774 0.11553198725420984
0.09010339783953253 0.11659459502389234
0.10505668381435243 0.11746513409968967
0.11583935085305715 0.11773210667324253
0.11859322026882259 0.12051177137864379
0.10325965620604673 0.12069579222358467
0.12245673152517905 0.1225309722528634
0.08818211044482305 0.12268605769618654
0.11943073617700677 0.12310422530424102
0.1217460756669731 0.12380993936726159
0.11775412728159623 0.12387020057587496
0.06414531357553792 0.12397435868919507
0.08923422937017367 0.12485938245013603
0.11176806121378326 0.12493018962068195
0.10888613356226597 0.1255515377490107
0.12602992153953618 0.12604580486199712
0.03119050612078461 0.12641285272335925
0.12432495278235758 0.12664957302626106
0.12542255445706274 0.1266774612387729
0.12735935413068294 0.12889441239808686
0.1192917541587452 0.12985339895476206
0.09574874316015215 0.13024738640186267
0.12637192237759728 0.13107505794301816
0.13020802783540028 0.13130772354036555
0.12387130275883383 0.13156835477260906
0.13221488676505427 0.1322978942895655
0.13143175823327116 0.13255632079788782
0.12780183576142845 0.1329657729158396
0.12673360166459474 0.13341057073445403
0.13365483904946168 0.13366870529697011
0.11290869431203562 0.1338758052912695
0.056757030062836424 0.13741250953007883
0.12591789866843367 0.1376495370703517
0.12499279814000533 0.13903956409067536
0.13163635893877626 0.1392398598345403
0.13935217256284568 0.13935222342749806
0.12202399768756624 0.13956642763213495
0.1369256525690661 0.13959558805409036
0.13691800892829753 0.14115158752708443
0.1315264157433633 0.14169050522368914
0.09668250996502747 0.14306064890985182
0.14126858757692007 0.1435588556869565
0.12962754787659903 0.14602701160959783
0.1398771253738277 0.14610416999833648
0.1470765355877051 0.14889988022372097
0.1508811163089843 0.15088185737047166
0.13341902824136875 0.15209506387974286
0.12104330416012432 0.15260545128208786
0.13053177814309413 0.15335765886947994
0.14721648967192755 0.15379868611522532
0.05760792843340721 0.15515970034436768
0.15572852922991653 0.15610740385114857
0.15526579747210562 0.15666581548743372
0.13528347278205624 0.1566707471368277
0.15574524631410067 0.15762355820508483
0.14558263386016346 0.1595035487737212
0.08067497839397618 0.16040266869708525
0.1595068052901921 0.1604027296092686
0.10524146388599238 0.16060751511698404
0.062128474966019996 0.16148788432688302
0.10222622992906004 0.16173682606137943
0.15040391519343377 0.1622900032002425
0.12993311759960727 0.16278531711590943
0.1423091099210868 0.16334477815052478
0.1604474742021822 0.1637918166662951
0.08091422711474554 0.16431888704045064
0.16337066664490518 0.16480622776759069
0.07782800588003264 0.16483847930784964
0.15953726134147295 0.1655218644713828
0.15722812169941616 0.16575520276222921
0.16702129269839122 0.16855657312802388
0.16886058146105104 0.1689186063246213
0.0958696757440635 0.16920162042265915
0.16865831136122897 0.1694180686029939
0.09402528455350168 0.16994843267851686
0.17070087712483029 0.1707366211417484
0.14781218841374266 0.17113240397386947
0.07437521631402777 0.1719467678253496
0.10509920308182277 0.17276815333828016
0.14706814131400578 0.1729785224644115
0.16863724618576792 0.17424008293999485
0.15595461290516816 0.17459504977576923
0.1746240484942549 0.17467943215901768
0.17476846954521663 0.17478248015980766
0.12480023484626968 0.17694888312868978
0.1334168690291293 0.1780692978963667
0.05247251346567362 0.17809625348058758
0.0698394807947647 0.17875901683792725
0.11881576400502304 0.18024148036416154
0.17855893997917124 0.18029453138711732
0.17701180868503458 0.18043529987962056
0.09326262356078474 0.18076485937146697
0.18140053484976165 0.18397647468524844
0.18273996380192264 0.18442916780585827
0.18381624715891798 0.1852160099935341
0.16144554758060195 0.18755836522226976
0.15958080666185173 0.1881981184876168
0.0708648382467728 0.18830138144830222
0.1891550577656927 0.18917059922502175
0.08203943353251783 0.18956881469325873
0.06837498149874831 0.19158662515078875
0.1962833167657849 0.20094083627817075
0.20099293338387403 0.20155995033001797
0.19737072633135827 0.20204292809763533
0.21424194614565367 0.21487133234787803
0.10262865584455455 0.21897538324879443
0.21231216547236148 0.21899243281930267
0.10248615089324692 0.2196340673191752
0.21987923222459027 0.21996318980344196
0.15530613130825865 0.22032334852297195
0.21949579538501246 0.22445038257966884
0.22423253093396575 0.2259276701806565
0.18724716227831203 0.2311255553293202
0.22955166391055565 0.23169297372654565
0.23263959434319698 0.23268346000254678
0.2336036757787777 0.23606744087560663
0.20559600638925282 0.23713123335957104
0.23751154887108306 0.2376572914444475
0.2374837300816864 0.23790349115975976
0.21797511961994903 0.24157928840274606
0.23682783023121384 0.24176835552663112
0.22009699883629413 0.24412435364994592
0.2442269884715606 0.24581859559863278
0.07607887292161267 0.24688521040058053
0.08958904057449926 0.248259292366448
0.22068418379878932 0.2580746731834147
0.2588396426742623 0.2588949366658705
0.25941186212244044 0.25941946537012345
0.2584398962564544 0.26294720748081335
0.2619978645116606 0.2685947423127884
0.25245581110461396 0.2698704287087684
0.27347325045191456 0.27356123438224567
0.23345691973368868 0.2746404091288486
0.26087795621147447 0.27681590658324157
0.24782808042900994 0.27788465708906673
0.2389989143597025 0.27878465341436953
0.25079799626472316 0.28301798982925536
0.24344917887051698 0.2842317630102183
0.12496711575918348 0.28996966056457063
0.28853393705750713 0.2912126570388614
0.28210865271610897 0.2969812272162088
0.2783146172667404 0.29967389117202586
0.28109541088032286 0.30382756781839665
0.267039087095213 0.3039710644943752
0.23567844291079526 0.30656819965731585
0.27075227568823645 0.3116767869808549
0.1860518960411457 0.3143334023118328
0.3137165079954932 0.3144815670054099
0.3102826825338737 0.31827291294506904
0.32323311254735954 0.32370677575563617
0.09860457745326588 0.3255028718239006
0.3216035649202781 0.3270753273755324
0.32863537429379963 0.32915283471876733
0.32867265041541777 0.32969485198814114
0.32950790134035507 0.3301840369603482
0.32765914431570037 0.33068708635075134
0.2156450239906346 0.3358167070412075
0.28932179703199884 0.33951134961184026
0.32296544978196684 0.3423833710312176
0.334687106079121 0.34442775665542097
0.24559416759799288 0.34530231611460865
0.31125740695595844 0.3469675267627236
0.3038544874807849 0.3482696403709322
0.15679105119681583 0.3525074456746386
0.25054496519150704 0.3557358615359383
0.2956695813774828 0.35726434011531405
0.3539427584892877 0.3667426045018597
0.37010360294666605 0.37096258250253505
0.36729026666017994 0.37211745679114633
0.2071901216692806 0.3721538617541344
0.37003213398656126 0.37321650021011177
0.36076951557515735 0.3758174053703374
0.23289457138215308 0.37592366093743557
0.21766566602734416 0.37739274236702536
0.3554474726632387 0.37963481678084077
0.2919418034405461 0.37975079178681287
0.288848919915926 0.382875650970962
0.1912912650533293 0.3894151854042811
0.39146115993929065 0.3915828911149385
0.1115376093272707 0.39305238434983675
0.20310696598137656 0.39309130420014127
0.20574583632007762 0.39915119225719586
0.3959455619033258 0.40154960181201294
0.2112998289583881 0.41060447782361537
0.41485279920493623 0.41741571252033194
0.2261630018313934 0.4359727364769626
0.179449382306949 0.4442070082987342
0.1393659887977413 0.4603217621124572
0.4608437216662926 0.4619272760860991
0.24047951475952917 0.4695162459315608
0.48296569067656037 0.48298439851310465
0.36621697197393743 0.49739306796938154
0.12056628978821529 0.5303769215387845
0.23723650693718223 0.5553932857857874
0.5562822891734281 0.5563715046307777
0.5546746351792045 0.5601704589174279
0.5814443789940614 0.6112352718217754
0.5661507756398231 0.6116606256055103
0.6090862095941081 0.6213965588103734
0.11151947634486715 0.6231406962288736
0.15843805123135685 0.6560205517639132
0.12675765762750887 0.6571496750489095
2.7354925237478707 4.000000005800839
