0.0032779020340881564 0.003394831832632011
0.00817177889603472 0.009343186069331632
0.009912112825630787 0.009928798665192622
0.010059499225588154 0.010731350414276804
0.008842498385596878 0.010840565911368718
0.01161878307079076 0.011745177016683539
0.01651402277574293 0.016632166864239496
0.013638386910423524 0.017406108064950795
0.021098997827652947 0.021194740485942422
0.021818513131914418 0.021841239998577393
0.023468641357520695 0.023624291025693658
0.023868330368223 0.02389775484326165
0.024219448423471124 0.024854842032524523
0.023328914147638838 0.025206931047006453
0.023758103800355427 0.026199019198196786
0.02638938266370997 0.026762068132180853
0.026769775846977747 0.02773039822411571
0.02834248392881789 0.028356328106853863
0.02814418946851953 0.028530045991250978
0.029184631188783054 0.029239434522622343
0.028816610475580047 0.029994964613562106
0.02932769091375576 0.030312137996031715
0.030597380073978754 0.0314136921019208
0.031918691203467374 0.03193244212829509
0.03239893833272394 0.0325823258751647
0.025545204572695168 0.03300849870760922
0.030591530243881015 0.033687254243951574
0.03044489825451451 0.03403297227162387
0.034194591968074034 0.03421788444938525
0.03191070411216286 0.03507736617747927
0.028560774139474488 0.0351615251985644
0.036586125042373525 0.03662723499622646
0.03449316614889532 0.036775591356348385
0.03457610202671496 0.037046809545086844
0.0344317323759941 0.03797752049675233
0.03580867354704044 0.038548551428676386
0.035735603731325886 0.03867976884303672
0.03669859576533901 0.03916791620727254
0.04018815303471311 0.0401921802017462
0.041106394410610224 0.041562931969771705
0.04168337761171564 0.04172956358706722
0.040470307395546856 0.04310835025313129
0.03707114504468595 0.04312262139357512
0.037822793594125576 0.04330894308499693
0.04375884539141972 0.04382812320285483
0.04334619887650486 0.04421882979728853
0.04433470195861878 0.04434752135099684
0.03912139510269386 0.044521227891967656
0.023645032665249734 0.04513651758616406
0.041811606917345936 0.04518081811678064
0.041962529061114695 0.045263332237922865
0.04559831626264842 0.04575927011272223
0.045779667681669044 0.04578040231583
0.04553583144883125 0.04640013600198973
0.04680087619287691 0.04681541253252683
0.04754251466154624 0.04896840711827097
0.03806305172459878 0.04926107860444159
0.049448069707012064 0.04986716270916685
0.042183670205608426 0.04993533329075002
0.04056633117597379 0.049975482976086776
0.049343462340773456 0.05001139676827669
0.04969461141385338 0.05009968757581872
0.04942325378606116 0.05034021782312738
0.04964590429455971 0.05074080276386537
0.04468174951692621 0.05110457227782222
0.05112035661722589 0.05113933340808442
0.04758700306556553 0.05114855206073482
0.047687492125804885 0.053037882173051165
0.05211938725114863 0.05329341667209191
0.05337624970469085 0.053413462115993605
0.046930039053142275 0.05349919141175608
0.04374018239818748 0.053540030709278714
0.053844508379619474 0.05392999119322665
0.0418478630570078 0.05483859546860058
0.05382298304183877 0.05560479078876107
0.05573958777051245 0.055816504813753665
0.05289930938558345 0.05587490567891745
0.056279006841982615 0.05630254952196624
0.046902733457413456 0.056810036211293345
0.056586050926190345 0.05704572567288939
0.0494673892279557 0.057190224864571294
0.051169319349028144 0.05735129018036005
0.0532348502544515 0.05736407377610037
0.04258744358222088 0.05780010214384224
0.05809812038881219 0.05819821629185848
0.056233072658181796 0.058793302668212526
0.05899791670189286 0.05967808629431583
0.045321901618042365 0.0598006537387946
0.04360186364027472 0.06002213005030982
0.04662185314105722 0.06045150598173053
0.05655243917579597 0.06216684895891708
0.062351841229994445 0.062375934493840574
0.06021779154124175 0.06413891667907314
0.06280769759991486 0.06442497410978516
0.05849390882120695 0.065483332233912
0.06291348389300024 0.06579517347048348
0.06555865937686803 0.06587688540331887
0.046928232731935283 0.06648451501869096
0.06152138180045272 0.06676222351795832
0.0664753687317556 0.0669396769796602
0.06781566955495308 0.06783224943720265
0.06842719915047646 0.06940843352685958
0.046053550840054594 0.06953974509652203
0.053330236219622386 0.06970819237231837
0.07071302151171223 0.0710964292340856
0.06993617333260695 0.07264954408175268
0.07343982895147276 0.07592955936305756
0.07513683637169884 0.07597266973711293
0.06389450869213135 0.0770590042154697
0.07738160323565665 0.07891051267739903
0.07718218052860229 0.07955890928572068
0.06892018832829407 0.07980238548345372
0.08109647118993846 0.08110054549205264
0.07081638172847798 0.08116638570899057
0.07082660369433369 0.08130616493278757
0.07952553406118919 0.08274358660818419
0.08237978172430309 0.08297915483106243
0.0841562985043498 0.0842084586949425
0.07822126055326752 0.08428835479886802
0.07008079800242269 0.08443495023926904
0.08400948814808387 0.08451251392327122
0.08306769442534587 0.08497051030541047
0.0797790716130756 0.08561217225185365
0.08149051444032406 0.08684997284877623
0.08723743142085942 0.0880111405537804
0.03730662651218824 0.08928328561933514
0.08520213608189842 0.08981834677505217
0.08977513790278349 0.09020884213408421
0.08925318039605712 0.09036496197175822
0.08200160035176657 0.09139352324869363
0.0886551500112641 0.09149572991950736
0.08981587596196275 0.09235005731593342
0.0922669556364297 0.0925005848230792
0.08955201522023226 0.09279721686327086
0.09205748307903075 0.09320961221701556
0.0818994801941343 0.09387534992769239
0.09298329698407515 0.09403105344589834
0.08047423165762083 0.09431036302670817
0.09063915559180818 0.09432942416677337
0.09132419315084192 0.09579778744261547
0.07907811397866676 0.0963818617836239
0.09560129174822458 0.09646858836560228
0.08658598164056758 0.09703683044978621
0.045285803484437136 0.09759865649441671
0.09611831898809073 0.09835471020851656
0.08926384776398798 0.09946670804925375
0.05214433681971797 0.09956266664503581
0.08817625904537929 0.10133644967233012
0.09955307001738256 0.10149621296415427
0.08154758112248646 0.10169061129039579
0.07869212504525194 0.10253492586831554
0.10284904398377306 0.10411535803960345
0.10559055410944662 0.10573931582899596
0.10019938405515447 0.10641368185901094
0.0983200634273197 0.10707309051625791
0.10586168374318394 0.10714195793505074
0.10919114480510746 0.11041140849892608
0.08988647197514 0.11059616729456079
0.06612297844592628 0.11098758237048824
0.11159311659772492 0.11159318757090098
0.11018387069448182 0.11162689650243496
0.09735105272800725 0.1117948767608479
0.10908375198064027 0.11219821634375303
0.11357096350582928 0.11385849166867318
0.11145296987101497 0.1141381814024421
0.11145456368818255 0.11451784088222193
0.09501765206206106 0.11508851626995491
0.11574610847199532 0.11583872342141915
0.10963072276665235 0.11672453373191635
0.08864187685067924 0.11719299755916629
0.10189239639240327 0.11827341424683001
0.11226129437062128 0.11848320772475326
0.1185959922062734 0.12024164244201976
0.11571828907627421 0.12099114528296324
0.11696797082032202 0.12292212503630522
0.12281308998708583 0.12294169431468252
0.12312741211585451 0.12321000677524821
0.10805251002924307 0.1240403137630865
0.12323446684135128 0.12444617814218878
0.12356305236222685 0.12519411750870377
0.12087644229183091 0.12667271553253895
0.1258305685490021 0.12906114668389146
0.1252386004224448 0.13014497022484187
0.127358301175893 0.13038377196303694
0.12528998164691793 0.13098118314057394
0.12808011937919392 0.13342729326628325
0.12951457294882782 0.13368846588296784
0.12956401739174628 0.1337897530836485
0.11767934326778458 0.13596886267505437
0.12039114373952438 0.1388655685872429
0.12080752293256483 0.13972496947056065
0.13514435708392236 0.1399912534041057
0.11724783657815588 0.14089953331102806
0.12044779690363154 0.14124536338412857
0.14189411951780784 0.14190641100605986
0.10840784383849647 0.14230481983782806
0.14281261937134665 0.14281792566347531
0.085860052911999 0.14293216944827192
0.1340794283031082 0.14332546975286978
0.14132535502504273 0.143490805563517
0.142199778479973 0.14478337879194242
0.08229209905150026 0.1450172578016914
0.14493339735324678 0.1453190412794895
0.12716762033929513 0.14640737754639374
0.1422631702565605 0.1467651338159554
0.14002089336176793 0.14684129860343928
0.14470654960886412 0.14726968034176005
0.11913687132298467 0.14752772511912537
0.1457535724656927 0.14753726135785072
0.121720788306528 0.15014858269524614
0.15053432985915935 0.1517856328391962
0.109257548480091 0.15256230915969116
0.15037286880666334 0.15377976922758033
0.10289227804512212 0.15444890346325976
0.14374163751546223 0.154944903596529
0.15495870387580366 0.15508826444561327
0.11538785905621946 0.15598755635644757
0.13885432822030352 0.15624459767614451
0.05719406118664659 0.15631520589036957
0.15343097544120027 0.1567176865651866
0.10523554815887394 0.15719551568442108
0.15764962522678255 0.15769720277437266
0.15459814380695913 0.15805566933930526
0.1314466901290345 0.15862767801087466
0.1366908652131138 0.15895950608890763
0.1402222582058572 0.15939652250191821
0.13312690370170713 0.15987322562698209
0.10983775718118367 0.16005055336834886
0.1593005397226402 0.16032807083373843
0.12427729774119224 0.1613989564704709
0.1621922472077905 0.1622240817888652
0.16257671459343048 0.16264093033378146
0.1585793989187116 0.16265789860615812
0.1631499492645683 0.16315711766893892
0.15602903635025545 0.16342098059654386
0.16286155103006547 0.1649827411124936
0.16521479440921755 0.1657483054033384
0.11268196840979776 0.16581799746315584
0.1674144366480126 0.16741528151395468
0.12620312457190924 0.16833897792218241
0.16506181487170696 0.16850453987325362
0.16881987640388146 0.16882031704453043
0.16590206077135244 0.17062475625218712
0.16450343588038688 0.17063461010219844
0.14656822372728825 0.17100540656128901
0.10928290205066218 0.171282754426383
0.167330149055962 0.17154001890523882
0.17205966914414772 0.17235963195398796
0.15349088683900874 0.17304799466144163
0.17019027737873765 0.17444933739223284
0.0505346400842428 0.17457641567662396
0.16221404157169775 0.17577863436391478
0.16376046929237825 0.17580450906616651
0.16079133840447168 0.1758455300688462
0.16509056663683302 0.17594738685064815
0.17707739259809863 0.1787370396163071
0.17913479843019733 0.1793381568350882
0.18039916624613697 0.180824222952184
0.1727966889954184 0.1811487843911412
0.16617655480801335 0.18241949367063895
0.10615549592117321 0.18262549042626822
0.16049599818079427 0.18454931461633753
0.18383557419440094 0.18468359221464486
0.17819611548357667 0.1865110071267974
0.15487898420188165 0.18800450426969104
0.18517070289116178 0.18821359997473547
0.18902927691442423 0.1890532239497723
0.15667207651781456 0.18992227466811695
0.1877705414232671 0.1907285436853964
0.19042011483155 0.19174239829711054
0.15536622344306755 0.19249013093883582
0.12714218992319262 0.19257179558802887
0.19251531572428823 0.19267269215208777
0.15753170565903007 0.19270972145700602
0.19151034557754307 0.19332875579427153
0.18734924082249146 0.19355237621606702
0.1934176414702289 0.19371982522077105
0.1678102875693636 0.19376164980607263
0.18989949964030658 0.19430669296607203
0.18086676612723532 0.19621717574988173
0.10232589120432553 0.19750051209983296
0.19710452131509115 0.19775866053701263
0.093428213260388 0.19833492512593728
0.19394741311837088 0.1986057800422076
0.20112481860232045 0.202876094115399
0.19122132004655498 0.20289997290726727
0.19072937391269829 0.2036316580806518
0.11982795421660618 0.2040149600714141
0.2021096647948649 0.20491753300890317
0.11436228180380209 0.20527640594954888
0.1872176471489716 0.20537211884596604
0.16664984323735443 0.20781857621134386
0.11960098106183342 0.20867881017445647
0.12541419103354 0.21000623914389935
0.21191864003474678 0.21227101843295068
0.2111780539217615 0.21378401441713504
0.1511791888834198 0.21402121394611698
0.18699762327843067 0.21417392889577236
0.21098179244028215 0.215302124094862
0.21140299353991615 0.21577236259277913
0.21601209587028755 0.2160388240170853
0.21266843453902354 0.21650267968440154
0.2065682977387806 0.21681075216640824
0.20213086343225672 0.21765148393761308
0.05301215345256838 0.21925074382968723
0.10873878876627727 0.2222097506221054
0.21287447622361033 0.22539865608688323
0.2000221421793289 0.22615006251754147
0.2269748097046208 0.22697880180173005
0.22661519230277816 0.22716942313331803
0.18116510234795158 0.22857974356453925
0.19430200178155557 0.22870570244012356
0.23104971673909225 0.23104972916381628
0.229474913658217 0.23544102409551732
0.21948400090358686 0.23979992143176643
0.2446598880561492 0.24470611896650357
0.17163170946813436 0.24615686004089773
0.2417091960478898 0.2481897362762236
0.2375974307261703 0.2515886941093266
0.212818455294166 0.2569686166741041
0.2267405037923496 0.259226133028152
0.26005624700625557 0.2601967729752045
0.2604431029681576 0.2606081784797433
0.23138161163354304 0.26216567870368523
0.26329106787598705 0.26348577924803346
0.26052745157915674 0.2652322202313281
0.2671180768263366 0.2672766494550853
0.15752920182638108 0.2678648683090885
0.26827010178472216 0.2683396909593848
0.26327457256662806 0.2698069499163
0.26504429751693453 0.2706694635048764
0.20566327932392106 0.2713460872770158
0.27125617831358423 0.27137993043504194
0.2589639813495723 0.2733612134538734
0.11210207620874783 0.2757504359919359
0.26094780828526193 0.2761219778235402
0.22251713579909704 0.27646907658572917
0.22880263911258622 0.28050366958061407
0.2785393063048485 0.2808224424945905
0.09890328098694849 0.28117532180071436
0.2784417512549176 0.2821159063127819
0.23309797042535021 0.2833001490336802
0.26442720477350795 0.28337244981422083
0.1440946746466536 0.2851846784896467
0.29199230693510136 0.2920966659790366
0.2883085676867585 0.29217904766071373
0.2928003686773091 0.29280520249273256
0.2762197983919035 0.29293135565907713
0.28488700033690467 0.29432905321991254
0.2238439072044069 0.30451818057665886
0.2995707537925626 0.3056836732485283
0.10342991479234084 0.30676961321961044
0.31732194829427546 0.31761755477465425
0.31841868450355815 0.31844913747197956
0.31620360607298953 0.31967453084656905
0.3038301219236192 0.31998576988263777
0.3217923041038836 0.32181267241865236
0.08680086434449334 0.3218355114207326
0.32462292690486994 0.32466373861060505
0.3237524362087272 0.32539675373429355
0.31779640492169536 0.3256967960196844
0.292579350693466 0.32785945048840454
0.3244996461817567 0.32963315378317165
0.08623135866146055 0.3318325574746092
0.2974340021643991 0.33270786096372434
0.11944917054801006 0.3362601159147087
0.11959095030268102 0.3378152661495876
0.33260933796190834 0.3383131914163423
0.21345517172399397 0.3383637766879909
0.3231724537830407 0.3406286117805241
0.3444663795340702 0.3446682314468028
0.2672592740541506 0.34959538756576325
0.3492779159418004 0.3526349780382204
0.33726500423693595 0.35301818718366135
0.3514816887215458 0.35408712260106107
0.3535713263933036 0.35491674358209646
0.3413993439028194 0.35803078465247873
0.19872097708799763 0.36144023647966145
0.36281621134687025 0.36320751091512404
0.2666884177069668 0.36397569993158924
0.36393344940487604 0.3642343801491026
0.36626298869772533 0.36892083679379006
0.2547010156700176 0.3702706948531764
0.3385805053492272 0.37169086153510716
0.3122052108914464 0.3756666088788926
0.34058161918369395 0.37974886162486987
0.38086373817293084 0.3810771086682286
0.3300175884130868 0.3812541804538499
0.30235313468167907 0.3870837435721274
0.36611923550794645 0.3873213134714031
0.37926751103026657 0.392910545646216
0.3859091556460214 0.3944904937893952
0.29003202927239957 0.39707239065224464
0.3817546008846417 0.4013631320141234
0.4063957082692116 0.4064035537547305
0.40120809407725105 0.40735053401192656
0.3708022877290156 0.4080507290888835
0.35780938983836696 0.41270309191935844
0.4070317407918401 0.4152587256937278
0.289518750477351 0.41605548988172836
0.41799360622403203 0.4180819817536076
0.4167654015765604 0.4182808915923555
0.4177823921322739 0.41872285993181124
0.37214373912580484 0.4214068285733513
0.29600297396105746 0.4231375159711351
0.2535090398192829 0.4261326975140826
0.4003990982161634 0.42636775559395523
0.2764971412964293 0.4313693053827455
0.3490344723406087 0.4432213667932846
0.25491062490925426 0.4441290806787947
0.18125155952585872 0.46198267206552235
0.10948655960687462 0.4649812878525173
0.425398337199839 0.4686154947707505
0.2755789838853711 0.47617409352503576
0.36207087275500366 0.4780828554498615
0.25394268849904794 0.48486857328908417
0.48869601653957345 0.4890041163751989
0.475794131853206 0.4903888088157482
0.3381352298404724 0.49415496033435563
0.4551517295673153 0.49667554707941364
0.32582406448098244 0.4990524290168661
0.28683223985690187 0.5057830458344464
0.44697415631842313 0.5080638266345616
0.5125522370081632 0.5194474453647091
0.5184346538577308 0.5194940779557439
0.4985635987274994 0.5207477837625828
0.5223427791923951 0.5257193381755951
0.5167350042205641 0.5360661408449617
0.5386461077219055 0.5410007063049556
0.5470318544750886 0.5471965565042585
0.41123333113368316 0.550712826150117
0.5404083560494533 0.5579159782072608
0.314119127397567 0.5589409741872264
0.5650434238863339 0.565514598787561
0.5542893228810517 0.5664105441241127
0.5650265624267555 0.5691725680559019
0.5711756308625494 0.5845609647257682
0.30337404579573773 0.5862344471256834
0.4676469491366529 0.6001970526191248
0.47154823173485394 0.602362755364875
0.4445895392150304 0.6024519060281769
0.5472063434507667 0.6150750889659296
0.6091751081791823 0.6215377388086047
0.38634509368125824 0.6224999491299867
0.6258135815292184 0.6261093797616143
0.49318171967694024 0.6283773047971652
0.6133384811747536 0.6340294208046989
0.3451585035365351 0.6389752972317688
0.623536338817664 0.6397168681483958
0.6415218792490198 0.6418501467462396
0.638996227502443 0.6457981165203672
0.43609710082206743 0.6529687510083338
0.43655821844604065 0.6644791880762008
0.6645126774233128 0.6790924111274074
0.5521021620988171 0.6869266552061475
0.36766382247784946 0.6891281031041958
0.7117229599003422 0.716679350632875
0.2884122077509038 0.7207695959589889
0.054197196665316416 0.7246092631777634
0.7354884903613117 0.7358066034041626
0.736752773477326 0.7450860805727114
0.7741521064936001 0.7750709658195212
0.6124517572186491 0.7913173308166712
0.7943845650766387 0.7978895891479787
0.47745175034649723 0.823254074355302
0.6186493756865918 0.8245518997669299
0.7875700654003158 0.8305074910969885
0.5124113155396584 0.8365181427021249
0.8155227850752037 0.8396613085441688
0.8205547532531399 0.8431145629560157
0.31836385007647783 0.8632115929403344
0.36248029356441686 0.8820029805772801
0.8033813419625054 0.8940476352114981
0.9085530405723281 0.9100164073808055
0.9270948693113561 0.9287974242599462
0.27361216251164466 0.9459392618095597
0.9532450917340074 0.9545727461832398
0.3819232481922494 0.9847190506485453
0.9764376576440283 0.9972919701519897
0.9808149374635226 1.0101780700495655
0.3480385320674322 1.0173785226515415
0.4768199931193182 1.0174779666670473
1.0266955015331034 1.0279864171003903
0.24622353163472357 1.0487132361275928
1.0856855690506424 1.085687677268599
1.1205211613594261 1.1292112281878062
0.27583539542639957 1.144171350547363
1.1385597594401422 1.1469130007418853
0.2359016916956061 1.1481952823924122
1.147630878799062 1.150290503832796
0.6694256075894104 1.1518363542990306
0.2555673945819758 1.1727551270858356
1.050100583491938 1.19058153641289
1.098350944426528 1.1981654791324234
1.084372426814695 1.2097948790973938
1.2561588409871394 1.3145439806237664
1.2237587696740952 1.3602969312385922
0.5598060596106934 1.379785667679508
0.4674796042821766 1.483425633166275
1.543698541145968 1.551258769246566
0.18648092953030232 4.000010749371448
