0.007149923429143997 0.007231126731476444
0.008381365589719723 0.009124601663027608
0.00914159834572671 0.009144712915991584
0.008301586766526346 0.009656128294738513
0.009529857952857186 0.009907458014579543
0.007926315962634788 0.010523052294237951
0.010584617308083431 0.01256240754594128
0.012385893064142492 0.013355506006896684
0.013038795659625508 0.01422522269527127
0.011657143672999986 0.014313842277643131
0.013898987456381766 0.014463060615574485
0.012073889701420391 0.015237004387428617
0.015035878064721696 0.015272213985271892
0.017023382091310442 0.017247460008122047
0.017363679113382692 0.017366420459274008
0.015034714560860212 0.018510918817387877
0.020088909298412946 0.020244528055584618
0.017946968552076007 0.020260565899741123
0.021070746792339758 0.02107074887225094
0.02185213270299684 0.02188601751661546
0.021373307068400352 0.02275948358385604
0.018223688456888747 0.023279758190244283
0.020229233588727264 0.023861825305267245
0.023797014968922496 0.024025037901529166
0.021341039921502727 0.024169451394705062
0.020565056706425753 0.024798547123591728
0.024961534285426565 0.02537819299658938
0.025108211253305993 0.02654970294275358
0.0267397006390914 0.026751162072098333
0.026043159201731468 0.027077645928026525
0.018656725321480022 0.027156387461331533
0.02762109419792034 0.02766711538299931
0.028315995836417494 0.028397959182351468
0.027276454524399255 0.02863684320183441
0.023338065839117326 0.028654500274404242
0.028098895848916117 0.02905918133151104
0.029082214490367887 0.029190547463667404
0.028672588253755304 0.029207143455424564
0.026646670331453334 0.02927277908755455
0.020292479043620557 0.02994150914651865
0.018347801623482304 0.03000978963696838
0.02921265193713476 0.030069516529130095
0.018887049407513807 0.030107430217396456
0.026030448491044363 0.03092104494461909
0.03067669182232414 0.0314728659739731
0.02009385905491637 0.032230202682977244
0.0318117593764822 0.03238175817692042
0.031861888095815465 0.03249676312683302
0.03154093746720356 0.03289660873192882
0.02709409940001145 0.03318237200167689
0.03126150266220942 0.03380889959507985
0.02538567183931722 0.03502973159300146
0.03460455918732706 0.035257065048490355
0.03194667469624647 0.03530562103862514
0.03461239998613825 0.03563443486838302
0.03569807510160942 0.03629669611006603
0.034723410892430646 0.036686390838076656
0.03577795188536782 0.03697050368248033
0.030897279447284785 0.0374412455142585
0.03292978838181212 0.03749793034870313
0.03334536357222373 0.03777827685139075
0.03541325921158191 0.03802003282537999
0.0371137237313373 0.03859571413915488
0.03863298165585995 0.0386424000708147
0.033648449058469684 0.03900819670998845
0.03593631073404485 0.039446684417338805
0.03530350307526884 0.039738611788846676
0.04005830634428628 0.04007040954318963
0.0398339590857718 0.04038520375360281
0.03509703252686087 0.04059158304159894
0.04092857393939034 0.040940536699341556
0.039993374521234346 0.041056747388341704
0.04062680768194404 0.041461353219727555
0.024761702199656607 0.041943063779492
0.03811008399398464 0.04374605322804266
0.04384298638811554 0.044071445587527285
0.039185496283415666 0.04502432787384272
0.045934800570302574 0.0460258974377736
0.04126875963436001 0.04608221614968851
0.0465831198852851 0.04662939574919558
0.046513022150908245 0.046788790068794696
0.04559242530839491 0.04707859996622583
0.047026778529291546 0.04734469423918516
0.041374438945191556 0.04776961221375864
0.04549311161747301 0.047953389636308706
0.044411495530268956 0.048715862320418885
0.04943231671657247 0.04972002680392448
0.05000096338385037 0.05015846628412746
0.05019931765949043 0.050201296846184594
0.01987768534307912 0.050292037911191634
0.05038726987903361 0.05055430984047582
0.05074551708478299 0.051056105820399884
0.04882722884203668 0.05150009231381851
0.04273226899922005 0.05290137439193737
0.04996580037659891 0.05325332988652643
0.035815689910729656 0.05398094509486538
0.019358206966034488 0.054431222371397275
0.055387325585762565 0.05538792466771911
0.05569232182136009 0.05673882978657686
0.05610647061354553 0.056842958765385664
0.04532659171983222 0.05754689066110109
0.0558795905983981 0.05781077251726755
0.05547489568161224 0.059563928242584586
0.06016598480983601 0.06016657226470545
0.05352165333108624 0.06078172172318825
0.04495783451341189 0.06170280678656274
0.061782922222367594 0.06270022039707314
0.03237168715548261 0.06299588409151816
0.053726595744380254 0.06359578383247595
0.05939971293284113 0.06389240092794422
0.0651412570303411 0.06524243088012928
0.0646416157336025 0.06569845071574673
0.05825216874731122 0.06572384420875188
0.0646299094606175 0.06603102809195516
0.06348980026075784 0.06664263584941829
0.06665585321766072 0.06671108250932209
0.05070740805413392 0.06680206735379669
0.061594562633474674 0.06754214409186701
0.06875781071501649 0.06891165578868999
0.059717616896794425 0.06917760767364196
0.0690815020941784 0.06926363070506036
0.06950919007490627 0.06951938419732205
0.070053869483677 0.07066264144177849
0.05634998306757361 0.07206944723813818
0.07299416025735492 0.07301176243152811
0.07206682756072094 0.073450377649923
0.07010071310890947 0.07415525847617285
0.057923903324263 0.07446219429706093
0.07475822985148786 0.07506327064078129
0.07503964386561995 0.0752656379070979
0.07544178302124202 0.07588648761721667
0.050429292348667804 0.0758995239438717
0.06393390252243922 0.07652182216171602
0.06110414845026804 0.0766097182970852
0.056049358654684835 0.0768764591087913
0.07149099157663108 0.07780659540119278
0.03941967122768672 0.0779867148983735
0.07330159203753969 0.07993356030487103
0.06060645032645155 0.08152248031406974
0.08113888088920317 0.08181149441358103
0.08144709112572318 0.0825056114698071
0.0774193874503687 0.08532715251119055
0.08167637476631884 0.08571343873538725
0.07285502518681179 0.08597726060515132
0.08610616287194929 0.08703076368156419
0.08548023942483046 0.08833450081260306
0.05850022571911547 0.09099920481171099
0.09177495141016985 0.0920239859962781
0.08072414287459181 0.09207550830587599
0.09239895727712463 0.09241574306525248
0.08934080462403554 0.09247770350111834
0.07337271776421093 0.09316382486507895
0.07500743829736216 0.09442683090971672
0.09573237779468083 0.09609388794117107
0.09671597447231109 0.09671670599519709
0.09758784004196275 0.09763132721269058
0.07839593976919368 0.09768062431080941
0.09493710433052037 0.0980210986758761
0.09929647812846988 0.09933319116760894
0.0955499003999806 0.10001297504247775
0.0955035061819603 0.10047273824234461
0.07236275406151066 0.10066474919680299
0.08472574614885496 0.101249659727649
0.10084413943812683 0.10200128440028988
0.09807375835939994 0.10255613509995938
0.1028530174508027 0.10326784159699762
0.06761480722150519 0.10358595762519539
0.10048894137406088 0.1064803416853581
0.10408229820898092 0.10718121680931313
0.10511602117981791 0.10743767121583381
0.10630673934450206 0.1093189460581212
0.09977858471154562 0.10949593372643172
0.108780327364516 0.10959681755266859
0.1025490601437223 0.11015546010684009
0.11020182679836046 0.1102169880795891
0.10811692945959941 0.11074790451378311
0.08123262968936101 0.11102387126610559
0.10586147801056481 0.11153310773458235
0.11192396851359473 0.11199054978234256
0.08641201249865378 0.11453208731905849
0.10614684849176374 0.11474203123054455
0.11215882719104857 0.11612811075976172
0.10971735389245099 0.11627760049734943
0.11535155042798902 0.11926074067076538
0.09647930793697422 0.12036888665411982
0.12006497296006821 0.1212791821710231
0.12285663982115046 0.12301257923361955
0.11373672188308184 0.12356398990469407
0.09658956717885263 0.12362708745879776
0.10614354251604652 0.12372643796523124
0.1238871765648736 0.12391335355231506
0.05492501346146287 0.1261685740775027
0.12614141992538777 0.12645433783362955
0.1253568021880276 0.12729252530359625
0.1271182041350517 0.1275900969185693
0.11552548408743685 0.1319428417127752
0.1262449308561114 0.13377182782696972
0.13640066081719984 0.1369359277768725
0.13546348269524347 0.13885557943070462
0.1339740260403153 0.13919964185121045
0.13681999370683498 0.13992437677250374
0.1368194661324071 0.14035019508294394
0.12449632929661147 0.14180920513272485
0.14293431044075747 0.14296476155464735
0.047181856050549635 0.14408614365335673
0.1381025480634166 0.14888893650092414
0.1464874960453626 0.14907127844922147
0.15136413515307337 0.15144808208351937
0.08125697142897872 0.15216846348854773
0.1408640529711287 0.1527280223994574
0.06979606007710336 0.15373126593975384
0.15397796750741033 0.15465962953926482
0.1520346726088204 0.15582056348201068
0.15593596884280728 0.15757663011821546
0.13750075195115344 0.1581794900095984
0.11893423806066922 0.15836189275998264
0.15951201027535333 0.15982077208447057
0.09158181350891142 0.16018696442831531
0.019427806772681643 0.16049185180893763
0.13786949556931333 0.1605920937903322
0.12749325740940115 0.1609632701260939
0.16212959690181533 0.16217863847933875
0.14446272759097023 0.16263954146618337
0.1630963994480905 0.16314390816600893
0.1612880200828106 0.16407518266160215
0.16332484621068047 0.16531782441042567
0.14282497636330432 0.16556555370923484
0.15844237985304593 0.1656595446302088
0.16107521451642767 0.1658476704121416
0.1628109255666072 0.16619457174698024
0.12085982585294247 0.167687773290577
0.15958954490812538 0.16890793507194563
0.16662606101732497 0.17058693430399732
0.15819193768362266 0.17064643659847897
0.13474088833726666 0.17122242425730605
0.15829464477729016 0.172879625348069
0.17310569079901716 0.17343008972905002
0.060434868409539676 0.17530520099872834
0.12704581502535178 0.1753733158197781
0.1634381946078075 0.17571159957741692
0.17575902485475087 0.17761153371065946
0.12986632782513896 0.17770552782663723
0.17609202563497742 0.17852629241984422
0.17976616580322993 0.17983371782521446
0.14774307721758206 0.18152459727950035
0.18228558906898462 0.18256193601808668
0.1472388525438934 0.18595699456460194
0.18268502901456524 0.18751345136605338
0.16428196845992546 0.18756779242786395
0.18710805398744937 0.1876244816893859
0.1784455452758201 0.18833678778657412
0.18053675812940462 0.18858342909667195
0.1517724572162937 0.1894208074199838
0.14454500186769875 0.19005180279037684
0.11815538531674276 0.19012754694960193
0.16992847677149336 0.19126050290172547
0.1745217078099287 0.19135361894946562
0.15953024970122753 0.1920755301136018
0.19235792765329895 0.1935233437704317
0.15160826066286592 0.19513993462535342
0.19572578909265717 0.19574694023968717
0.19659882220508668 0.196672107178771
0.18299876505895782 0.1966935441988528
0.14097981494673534 0.19698059568743198
0.19828407950987267 0.19829335369062345
0.1954651751151951 0.1996799586568303
0.16111968410329566 0.20091649028708444
0.19907876753729234 0.20141651630581245
0.20627348852024505 0.20631305446832587
0.18548075764062852 0.20794840348266025
0.20073042563607857 0.20815333229388325
0.19465849555857678 0.2086672047094076
0.20753828136624705 0.2087063004794763
0.18930496995476478 0.20914125988611781
0.1996756946728312 0.20966075165846648
0.19461468945488375 0.21248437557401928
0.21575996711264037 0.21587907917442234
0.20996140893410106 0.21734219186020862
0.20540731334318504 0.2186920729597248
0.10715267788448497 0.22097005823593177
0.1671389162990632 0.22182685165214042
0.20106588400712233 0.22221708542538984
0.20291596550494323 0.222364035179767
0.22047154225872378 0.22241804974420723
0.18021737916005703 0.2234141918923498
0.21497840869405205 0.22417652283203882
0.22137201023564634 0.22533270155599266
0.22515855523954614 0.22541358049535842
0.21791888803688683 0.22546241368560296
0.20510459636052422 0.22604517469686747
0.2083966232175962 0.22730871480160422
0.20124595477102825 0.22783231147507815
0.21615734037558576 0.22983956568361147
0.22574699832770118 0.2299765200643494
0.18259801399689116 0.23021308564050472
0.21991145861012543 0.2340032072899579
0.23495042836743385 0.2358677241252998
0.1947741457238309 0.23593635443692001
0.13157227223409051 0.23604834509927566
0.22649114424954492 0.23753367296795216
0.14922345976153129 0.23753938509202602
0.23584746641839624 0.2383208973061196
0.19601560398406834 0.2414675909965838
0.24140378000455873 0.2415019241415953
0.2413227709140033 0.24161081567513065
0.18290801383734004 0.24268302482295426
0.2311976887245972 0.24320209360963424
0.24125118416902996 0.24506197489674025
0.24460685837820817 0.24730743027266722
0.15749752271219516 0.24802829979293678
0.24863978439142675 0.24885106655869246
0.2501939458722822 0.2503569382149762
0.23567294867295946 0.25149805580388745
0.24771834366434178 0.2522075474267328
0.2523441151381832 0.2525069933304873
0.23186904462938573 0.2529599867916447
0.18888288995646532 0.2540052485579982
0.20118186620482964 0.2552796378271044
0.23836711340493183 0.2602530387433581
0.24203175645647054 0.260312079205241
0.1964980881709003 0.2608207515228424
0.2599215077755233 0.2632498514441432
0.23236405416665548 0.26356778742363457
0.2079152958562249 0.2643976928440854
0.25663589354201893 0.26521305575155274
0.12596781724615266 0.26626291158124316
0.25404283594446786 0.2683838217225634
0.2693092620923999 0.2693201705856794
0.24480094679584 0.2696844442128423
0.2582958144453037 0.27166017122955227
0.271088297980999 0.2720537848040911
0.22632776879563354 0.2720965505628369
0.2502689179806087 0.27544722449775405
0.24506964913552168 0.2756247489283184
0.2643849914151039 0.27563753907238386
0.275479359676806 0.27595582535823715
0.22614177935517807 0.2765106213048651
0.24430950805695312 0.2773167472543812
0.1155424725599617 0.2794704713666936
0.25664201599377245 0.2799104204098666
0.28328262428893736 0.2839549100317065
0.28377820200220816 0.28441705105992987
0.24096542498361143 0.28803615808310623
0.27035896960937 0.28920630852752316
0.138172721448941 0.2903748829074877
0.19729506622175785 0.290618249855873
0.2832634261700051 0.2910860922565629
0.2857202972993173 0.2937884645035075
0.20495454859069692 0.29490012882292255
0.1518186384742629 0.29694507185282704
0.2974809066367578 0.2978806222965098
0.29650750126631303 0.29808107883717416
0.2277023143845904 0.3012255633228178
0.30114332987294734 0.301567365716975
0.2807871660328387 0.30468136255891154
0.247265277210248 0.30548076138928987
0.19245640609271814 0.305559894356536
0.26792356909289866 0.30603085499735216
0.2898194522237652 0.30668520136747146
0.3084451175014935 0.3087434460652689
0.308012357141173 0.3095446696145542
0.2442535317694626 0.31228491792754426
0.19601496046967484 0.3171370763600888
0.1746335504194004 0.323604829409402
0.3126703400819949 0.32519708941708375
0.31049574660604146 0.3259084540559241
0.14703633279811135 0.33074883005463634
0.21867743713121143 0.3360145112727819
0.17415982338213462 0.34080963142874515
0.29398914080277316 0.34108344888398157
0.3074783658574166 0.3521254647134584
0.3022774403684922 0.35263226844562684
0.28251932659016193 0.354474284826139
0.32763410272787424 0.3579710987164255
0.35698149358401216 0.35951280191439194
0.1725913423389232 0.3597354115418446
0.3601617891539378 0.365497016674812
0.15833286858719603 0.36843553822784963
0.36239063732562066 0.3689106515872056
0.18036477498468417 0.37033385445918204
0.332571876531796 0.3736400284578368
0.3767831237762571 0.3770199703437928
0.3647875335919979 0.3781528930386497
0.3779239151242746 0.3784868879381081
0.37959695921503916 0.38071880195192703
0.3661505662297852 0.388488823823562
0.3659312000760861 0.3898720751898009
0.36897851773186996 0.3916135315072855
0.35717158020242296 0.3944954155417996
0.3783300938743064 0.39502498687306636
0.39354090443903594 0.3954621417280939
0.18689919617051692 0.39859365032896404
0.3937572835697512 0.4011435960539357
0.30689883542927593 0.40422973666475887
0.3659600296674299 0.40896707692543816
0.4111786322112189 0.41138635602635537
0.4115537192799372 0.4115597101816495
0.3926278499345227 0.4127230554869106
0.41589853072021843 0.4169832241724748
0.41898281334130266 0.4189828176613946
0.32426246082276877 0.4225726975788484
0.37206641967201404 0.42431151231422237
0.42778944381349726 0.42785549046764104
0.42888641973989095 0.42893202056983487
0.1783290785852628 0.42993063958078226
0.42355021609852667 0.431498285151795
0.21015327109928034 0.43257446611222156
0.42774792026541214 0.4356629289151683
0.2758924128416545 0.4359824870226081
0.4347657275995241 0.43695924532413105
0.34469425615009164 0.44060213891756617
0.34746225943995823 0.44978043804861845
0.4574021804191721 0.46122046086318874
0.44751895053653123 0.4641699436811232
0.46777381856930245 0.46951094592048886
0.45503253441908276 0.46989613655030005
0.3976898214361943 0.4747259286693785
0.44872708501221764 0.47487879561487817
0.4350430170867525 0.47976404121370636
0.4681172456456526 0.48169163316526964
0.19843204362635966 0.48733844573311136
0.48728604323469543 0.4873678428649675
0.4746022812196529 0.49115283680647
0.40760481148088396 0.4925863293224149
0.3266687450160538 0.49948612465884257
0.49678534029237087 0.5012131784811289
0.3121904457303627 0.5074899182353427
0.36531834024161053 0.5088726206788211
0.4389718083670167 0.5120363757255588
0.11470146040048057 0.5443549937796215
0.5226303517386 0.5477398170835943
0.5538629226247385 0.5560186514480003
0.5224187401290707 0.5583862400721571
0.5604966994542966 0.5604978591468917
0.5343589252461661 0.56759243091887
0.3237372583946811 0.5822677117260486
0.21768985736561305 0.5842691583433564
0.2440614893799547 0.5856040570845732
0.5567278014965589 0.5858799919308704
0.5938812811812136 0.5943533454230306
0.5886340331294057 0.5986142761646568
0.3325440450030408 0.5986645552814451
0.5702945237811072 0.6209707300452111
0.6174831595055922 0.622229859398227
0.4718254266686816 0.6329179753087226
0.2225328324819279 0.6346811392821196
0.4718017096882664 0.6395506859203257
0.6340137876748031 0.6407797011608363
0.6471292877182985 0.6552974982676579
0.5622456325765965 0.6583921009366915
0.3779459924741797 0.6644323396626519
0.5225676454605162 0.6649912723709951
0.3193858464104515 0.6700091020547344
0.6745911938514264 0.6755478658168842
0.675531821975727 0.6798852167251286
0.6450340155653731 0.6809902493825858
0.6936369632412732 0.6939990819098877
0.6506260543125754 0.6990257102230498
0.2998497572079929 0.7042064661202708
0.7007032541789314 0.7114384919648772
0.7133799310458242 0.7170274388059839
0.14767354313689623 0.7196439910928196
0.29191118590468473 0.7256622743175564
0.6839899309774363 0.7346832514516873
0.7217282517513912 0.7417459543924754
0.724941118696888 0.7534262205099309
0.5328776887442787 0.7534520130023192
0.6911120205797294 0.7611721139054153
0.2344719426134726 0.7677132488178655
0.6221344423766562 0.7977895749746621
0.6770880898517909 0.8130345854301291
0.25777204220163275 0.8189242938995762
0.8400321526267298 0.8704858440532668
0.25460671510154326 0.8784353051392192
0.8867790620857323 0.890908364141861
0.9096651165080105 0.9110530072935088
0.2440438539614312 0.9356893837354944
0.21109311812226306 0.9469451831715086
0.8910718559299182 0.9561732924980899
0.21664085387392662 0.9818647837328603
0.20839662283453175 1.0417290820809304
0.18295889432016568 1.0533877822474702
1.962940519432469 1.9663715037985534
0.17803134742420346 4.000000045491258
4.000026438245413 4.000072946200059
