0.0018179387308582262 0.0018179952073213816
0.00226204342082251 0.0024812470874283283
0.0038085220184466955 0.004067236894951247
0.003967051392168753 0.0041315319993067805
0.003995806984905941 0.004169130529638046
0.004410177382831213 0.004480640920232307
0.004846685990957904 0.005083050342274676
0.0060509294054131866 0.006062772985540589
0.006155585596589609 0.006197635457417571
0.0062667314141280905 0.006312185187570368
0.005769650282984873 0.006372842962552511
0.006357659510321793 0.0071946502035281695
0.007780261419852231 0.007812080864785071
0.008314507022049646 0.008351267116393299
0.008332421621809836 0.00842189655325369
0.008966488448383672 0.008996022609074658
0.008286305813567329 0.009426556112432762
0.009160025738290696 0.009587750046337768
0.00931502305024428 0.009662896027869487
0.010505069262231267 0.01064450279183758
0.011363748439767299 0.011385224941935597
0.011968414980827815 0.012167528765649735
0.011355780444237712 0.012576226412711068
0.01027818354788299 0.013516090322092344
0.013546608698736067 0.01386277888609999
0.015307916704143942 0.016044081987752618
0.015548838038723062 0.016330009095770162
0.014784064255150374 0.0166295358534801
0.017198634801168337 0.017511583487053718
0.017585966184675533 0.017658472000506385
0.015493094291561586 0.017665359995594945
0.0174530500286296 0.017860445430686194
0.015033480087632929 0.018045238733368548
0.01711136483297878 0.018343150215536487
0.0214710394127368 0.021981047309255812
0.021023670858356516 0.022051769752274866
0.022185599132606863 0.022187529084372607
0.018825113994156203 0.02223386409534921
0.019554232703577847 0.022566566339581744
0.020888354314596458 0.022659208280565904
0.02312937420767594 0.023228239633559702
0.024002498272916444 0.02400645228200799
0.020789046846773903 0.02406895668937814
0.023948748270379773 0.024125463678681836
0.02387063610939374 0.02439735363225911
0.023984578129469976 0.024453691288291817
0.02559394893133337 0.025597580987379857
0.025129089578041604 0.025730363998080676
0.02474804552222908 0.025819942748413052
0.025221956452484262 0.026209376928854274
0.0270824218712536 0.027147845048856697
0.02796211517051854 0.028326702243527346
0.02370220389904861 0.028358870106356113
0.02893328655785778 0.03004788272690647
0.03038816834894594 0.030770411306679832
0.03090009340749878 0.03095701055408866
0.031109148042902292 0.03114690564832849
0.02319581347662295 0.031234492992112475
0.024664981698290456 0.0316870104999009
0.03291933208077678 0.03293067688956165
0.03288357363272105 0.03304996084011552
0.020646377006911305 0.03327343866481516
0.031018168360051626 0.033358509618517565
0.028514342260106226 0.03346200756091961
0.033133715047728864 0.033504830961514735
0.01283648521324543 0.034280827239644616
0.03218667703185004 0.03502309016729684
0.033822424288698874 0.0358827049236314
0.029382203857460036 0.03611330919552059
0.0373731572473467 0.037398843083423026
0.03787842366122568 0.03811142105901289
0.033662537554779416 0.03831479990295996
0.03781627800392409 0.03841650453770287
0.03602279047867597 0.03842708459780539
0.03416502861419606 0.03842974825485481
0.03620033015818916 0.040145456333119785
0.03543045592161194 0.04019197854087755
0.040382528183610746 0.04053848680626567
0.03911169192695898 0.0410705576040028
0.04198789461512397 0.04200029429901236
0.035925961443378625 0.04351818110438972
0.03956265079176889 0.043546688367799465
0.03969090482742393 0.04421223431675605
0.04158384122218544 0.04455766762285556
0.042585393918629255 0.04462309541749159
0.04340322149797892 0.04491770883752221
0.042365221953762626 0.04494118268078554
0.04481912559992078 0.04526459049827171
0.03951525545491337 0.0457638273458361
0.045965616926364555 0.04596947671445524
0.038035053271536695 0.04618180648074289
0.04610615420317199 0.04623593708516599
0.04624617371665039 0.04630919212321732
0.04673391915418585 0.04708471376672674
0.033820040338755394 0.047211916072143006
0.03756222853330626 0.04755856038578007
0.04371366973744869 0.04846184165066695
0.04066174374379661 0.04878921441989292
0.04233238215715344 0.04914243679464883
0.03876247756986742 0.05054719631261773
0.031096189324018322 0.050700033369779275
0.04828204937144605 0.051332343726548
0.051060977384711104 0.05210941308860902
0.05244918203251388 0.05244982247851987
0.03453330173308965 0.05247146198712972
0.03654889834442342 0.05257330787267065
0.01721664215524981 0.05266951148238627
0.04799250754469633 0.052756234909385684
0.05311793948784469 0.05330120905052045
0.05442731615150637 0.054470085478013526
0.04704664799933066 0.05474599834986046
0.05416920746693194 0.054829698111997935
0.055126755128780285 0.055191689722442726
0.04500237904969559 0.05522234877606829
0.03107230714611607 0.05536994608563885
0.05093807292779867 0.05586321488075239
0.04601007553381219 0.057515793939174505
0.05594577549146589 0.05802513609349125
0.04969268959292628 0.05907775433693223
0.055810410249630765 0.05909460367366385
0.059007965900038595 0.059447367294612426
0.05923976083742028 0.059511885975455925
0.04096821054581968 0.05969062568775919
0.058440796326640815 0.06098446448563874
0.06141726576745629 0.0615168332371047
0.06055852126983576 0.06177445706157158
0.06163760487419325 0.06177828092770731
0.06029979158026048 0.06221216175993168
0.05406359952260661 0.06254308075523929
0.05709755054138978 0.06264383009544496
0.06318674743248434 0.06323050404392723
0.06392072394659486 0.06430171319586572
0.028458906846105553 0.06449739453214456
0.05909650063282737 0.06464460214993654
0.061858843615739824 0.06485676389235688
0.029703786935713145 0.06542506496048002
0.0643483383354525 0.06544005143581211
0.03969579249169941 0.06577296156544456
0.04648894013000629 0.06620103247745164
0.06772483556888688 0.06774835516130155
0.06413172845190603 0.06797096533820053
0.06795049578210097 0.06860792360116452
0.06612190875397504 0.06971862515685255
0.06968411552224142 0.06985324191389855
0.060027597304981514 0.07002078403234366
0.06243161015385956 0.07099014906908947
0.06935277281706824 0.07110794792593142
0.06486099178187098 0.07124923156300803
0.07142827552375997 0.07149244622986622
0.06723660647788846 0.07196732812838919
0.0717624726870961 0.0720081907394469
0.027758023558532494 0.07253760761949954
0.07354343642149322 0.07356974711158984
0.07270280722267165 0.07454531801286557
0.050413883870769616 0.07477164023383974
0.0640319568337726 0.07522749582277287
0.07414807187363222 0.07563585812316527
0.07109980543106127 0.07564166614660929
0.062449615947761064 0.0762976724117015
0.07468925666966031 0.07635908521830216
0.05184714181613883 0.0768271172010938
0.06824563293339224 0.07697068229629603
0.07705583024775382 0.07706733725995002
0.06902998072019292 0.07717258574550312
0.07544832695958777 0.0779563795455597
0.07590139416379023 0.07801378195407017
0.07760907322366777 0.08129150466122542
0.05887050050092119 0.08136902674810421
0.08083775333797974 0.08144357044216206
0.07684626657116878 0.08255327025756076
0.08156434882467123 0.08275616312721845
0.07956781128995424 0.08306194085509286
0.0675619926174697 0.08350171913019526
0.0740216177827631 0.08498821469582017
0.08153786395813648 0.08600359835084773
0.07648657795354524 0.08615320348090595
0.07841391688749265 0.08626193625036147
0.08586683460893053 0.08690018157997892
0.05667865797527606 0.08690934457202797
0.08809593607959616 0.08831154931615649
0.0807601630462224 0.08842740451461488
0.08839713036181761 0.0888967299477252
0.08808623256150988 0.08893038535022739
0.08934701173872292 0.0895241565524993
0.08795875204429277 0.08970064554487173
0.07343277860300391 0.08977434961614376
0.08784001705236515 0.08986818358262719
0.09060360532261241 0.09060360938431149
0.09030486360646381 0.09063517296807308
0.03413956324777923 0.0908209357996721
0.08969680219440472 0.09090240187098823
0.046753317765785465 0.09101655219356479
0.0827791353316397 0.09147294139865551
0.08802044425793783 0.09151472966072088
0.09153305731797573 0.09157860473629383
0.09308011439550104 0.0930860737310797
0.09439963175802385 0.09549283243525217
0.09398564441954707 0.09621563137426807
0.08294493353172862 0.09767278896270085
0.07637592755514674 0.09774844884056026
0.08672672295809652 0.09783342709040853
0.0978527738155336 0.09785413289275645
0.09831262726901233 0.09839535366750747
0.05438734181995499 0.09860448866294308
0.09852973005720299 0.09874528884313996
0.07792294610802113 0.09984985118126136
0.09490692254672262 0.10030241325581414
0.07599041649625655 0.10109129667133276
0.09129622600582392 0.10123687921540032
0.05153416529850428 0.10126508279300611
0.10056096723502775 0.10166680087149636
0.10086024518168227 0.10270553191600319
0.10117515058574919 0.10317455581255011
0.08111758517516532 0.10400166343296353
0.1031823378732886 0.10440798941403044
0.10140754564276915 0.10446125952406965
0.07886043771851783 0.10530958799377169
0.10434061807817412 0.10532597910904029
0.10309186245485584 0.1056617162187215
0.09171680224829647 0.10675483995873805
0.10753681418007885 0.10759272780113313
0.10888426276244804 0.10944880907916396
0.09988254738691027 0.10966809105133099
0.10655600783001654 0.11009600011928651
0.07697669941797657 0.11019963186440018
0.0395964278296793 0.1113705621503428
0.1113947982957122 0.11187534106993097
0.0672885595531563 0.11303095927012277
0.09311414920942679 0.11333492286210617
0.0667904205011971 0.11412957350193353
0.11316525151155285 0.11536209531455577
0.11548785030599487 0.11675771576701405
0.07966460936253093 0.1172134883902769
0.1150599930270526 0.11722204556878324
0.11151035761848631 0.11724188072853882
0.11463521928110407 0.1175426526189905
0.11729538558196094 0.11763747042241406
0.09953639561471254 0.11774979677148277
0.11971112473260469 0.12008614485848165
0.11766714107128604 0.12116566344203301
0.11251534552313042 0.12185149661825845
0.11657708068408963 0.12418346564961573
0.11839707154250431 0.12418684143127443
0.12419484211907682 0.12426092541136831
0.12433420459649655 0.12433450180487857
0.02390953973821729 0.1260695957667517
0.12662786145119784 0.12954433981594887
0.11968399553845904 0.13023079066911275
0.10189181981414472 0.13210515642285173
0.06819787435524159 0.13223720835221042
0.1324498083728606 0.1325817937460646
0.13026380314012306 0.13259160628446717
0.1308582700211337 0.13290211286654882
0.13398808413983185 0.13401058457165235
0.13314580372092008 0.13407827931631716
0.09593096184391452 0.13631315430914898
0.13093552894034216 0.1367154738085026
0.13277549709967956 0.13749868225047068
0.12482718302486996 0.13775520701400917
0.13499701317725118 0.13833437734089166
0.1310856325581233 0.13882045744255478
0.1205203179889586 0.13912844461414536
0.1395447976595965 0.13995529860886724
0.13899754373564677 0.14061581285071026
0.06254895348570756 0.1430003226701605
0.14357994103580377 0.14468894599386567
0.1338244098467043 0.1452510500585533
0.14559935185737433 0.1457357450899926
0.14385852248443265 0.14603487389537406
0.08382544202114511 0.15378609244765
0.1536150280899017 0.155472956820983
0.1328145740765983 0.1556798243096495
0.15297376443634478 0.1558909032226281
0.1442075641747996 0.1567991312019276
0.1528748504848251 0.15727679826967617
0.13330401116499824 0.15754219625559854
0.10939578772944705 0.15757819276022655
0.09228980233874888 0.15847407325331114
0.15888647787462876 0.15916473234490908
0.14580279666132126 0.1595821161845449
0.16259926863888807 0.16259956363581354
0.15913160187349396 0.16302078208694493
0.1619660034566555 0.16336974107657665
0.1362721433047257 0.1641141111662429
0.1432892761498964 0.164504406606392
0.1485825444589119 0.16526855680693484
0.14761703288013794 0.1654562425571367
0.12402480020358232 0.1689166600054324
0.12663946096422074 0.1730164014237414
0.17123254770388882 0.17322197211971643
0.17309187382751984 0.1734634168923853
0.15330888246932325 0.17449679279598854
0.17531977163743895 0.17558711695780913
0.17429018552561684 0.17610421109279323
0.1326440191259325 0.1775082732148913
0.17817955648719197 0.1781904975729437
0.17416280108713328 0.17887835031229352
0.0882159943063286 0.17938241476099265
0.15152129904557185 0.1825183703697536
0.1734868204733966 0.1837772156556035
0.1719971172313021 0.18487237568183346
0.18515031597527576 0.18600439831516608
0.18533860994681142 0.1889964914973564
0.06624778769040832 0.19284094132249788
0.18405914197671427 0.19345825319092558
0.18295186119958476 0.19610369555328078
0.19117337173083257 0.19623276135873144
0.18745734006355425 0.19778525960880547
0.1017242773834709 0.19780483400925766
0.1807741708612314 0.19904471424518036
0.20393354310761938 0.20607360921464368
0.2054538694465163 0.20659628846243744
0.16658966274271247 0.20825901622903104
0.20161874021342402 0.209377000961643
0.1959809425659853 0.21064946444452962
0.2108842313498801 0.21094376053114103
0.21225367321804486 0.21267913397791263
0.1922431056784764 0.21365944043763457
0.2035354589058686 0.21389097621678776
0.17937384707406145 0.21613270963466782
0.21775010766842437 0.21823410981723662
0.19741076252576384 0.21878926111457533
0.2162182729422319 0.21925455278152933
0.14723536978312032 0.2211213864546271
0.21566157242233927 0.22189010051162975
0.20622249618197203 0.2276749563474601
0.11187193478436 0.23196433398335278
0.19473994575011436 0.232412904255252
0.22361497669174366 0.2325258463732527
0.22963398558938794 0.23358148939122542
0.23399182740271834 0.23399753157337805
0.18654107539866072 0.23633358037199406
0.18040478515724456 0.23797370811385263
0.09064483303602269 0.24019390229334933
0.2370173344730467 0.2423415342538373
0.2447407298932852 0.2455039237134125
0.19708130992608971 0.24581965560125674
0.24620572100083155 0.24801140319971207
0.2358111540848509 0.2507891899312554
0.24914110572644121 0.25094919247316394
0.25026531500170834 0.2513141862734637
0.23765298452409597 0.25249886653291403
0.2531823845665994 0.25373054340995427
0.25369868716627375 0.2537368007688309
0.23602092677523692 0.2541584605818058
0.21995252506174223 0.25924785551493196
0.2547056033854156 0.2596043722652427
0.22453639825876126 0.26074954919822213
0.2316396065859722 0.26230154252792204
0.2548667485231638 0.26257062919806934
0.1907585550767794 0.2634858542103765
0.2617552892102524 0.26433381701883235
0.16168070009791222 0.26764615012399884
0.2440565774246625 0.2720493208753943
0.25023803278606854 0.27616823058222384
0.2759719946089807 0.2799547754158814
0.19116776621756615 0.2802797001063344
0.27060373757344425 0.28067299431756326
0.2776389169098364 0.2808656382359725
0.2685127503489902 0.2873103743614718
0.22431550595976765 0.287861508637421
0.2393355042291899 0.2903370263616434
0.25921454549685047 0.2929531352888109
0.2856868050907399 0.29404254930065343
0.2325205249451219 0.2947215901160075
0.2547580554315409 0.29780849030981177
0.10909381978067376 0.3025552308148807
0.2940957595686629 0.3042447894176733
0.3023321464689646 0.30575613491963183
0.22861979303040064 0.30627433541260035
0.21778469976563192 0.31139549147573803
0.3126351538901516 0.31285457216387547
0.26496109077899255 0.3133008052985906
0.16365533863635406 0.316070279481386
0.19439490042102606 0.31906470513913693
0.3190705805568527 0.31924158456749674
0.31196479625764933 0.3259117217116644
0.3105097187617742 0.3304616645945985
0.3229718084370085 0.34128678875885826
0.30421249299509623 0.34445594616710007
0.2450049547563774 0.3508652091053749
0.3438553571587421 0.35676843165166555
0.35999010544854737 0.36282145425898465
0.30801616730184056 0.36577017326933375
0.3578655570330872 0.36793938475436844
0.36815107577003237 0.36854345105069086
0.2227677904632282 0.36879439659967134
0.36117913932955453 0.37103016725533333
0.37074643260875617 0.3710489629688084
0.3640985682890221 0.3716974493965615
0.3724329278614927 0.3734379129032424
0.37567935466228436 0.3758135700516043
0.3171821940698882 0.3781816834203394
0.375751009588766 0.37831858368538324
0.36520325826372485 0.3788904247532881
0.16227003867166778 0.38144742878731913
0.3684097337513917 0.38240252030557376
0.3054894846730791 0.3853614446525878
0.37747491288829893 0.3867327435092972
0.38279390191385665 0.39053510706604416
0.36600448687086573 0.3948503959868328
0.08790836900025562 0.39592974284188864
0.34175900494825334 0.3972196509475041
0.3692686533314857 0.3978117042721846
0.386676734223723 0.40121165695775945
0.23451507256698453 0.4061130397780312
0.3784573548106586 0.4077443133582058
0.40724619223707464 0.4080965236975084
0.39419020678003247 0.4110164828447032
0.32914399890123824 0.4111697288313901
0.40768006867115536 0.41225924731403996
0.35753204864684923 0.4146037780750705
0.36900574543182424 0.4177455661781139
0.39202906091610346 0.418274041327479
0.40873879493444054 0.42173854255077
0.4232387632131365 0.42475213809088036
0.4053729031915771 0.43298275493391714
0.2541364857352473 0.433914426774505
0.4214763834139462 0.43519304080363846
0.43410055112266877 0.43615685084742223
0.3348704834033116 0.440734070103164
0.40372084386745594 0.440884560131183
0.42528771983828795 0.44180732653088967
0.4406262128532746 0.44237847665300717
0.44547556261508375 0.44685894005143967
0.3232702614811641 0.44997800409530075
0.4616831654755468 0.4657410420498552
0.4253010379986491 0.46588476357961556
0.41924074128428984 0.4670852669706454
0.4334832562266451 0.468740582442293
0.23020034338799056 0.47284891577092697
0.3561293572672657 0.4804346974610452
0.36413073466535756 0.48762488157498607
0.4169053523610168 0.488117262909603
0.4906839750149329 0.4906980329576303
0.48738719642485817 0.49212027489955834
0.48666208964237134 0.492257619298898
0.395406448372934 0.49249632528860193
0.4191091521657777 0.4939389521044781
0.4895984221691585 0.49565968907989677
0.4994721164053652 0.49966104682981827
0.3934936610043701 0.5033850245209184
0.49920871538479655 0.5095525366511039
0.27456260559060963 0.5101383711247987
0.26329971721112044 0.5104570834638986
0.2231843723444161 0.5181513209721605
0.5097489793149586 0.518310410943615
0.28510612291831783 0.5196618166035791
0.30864884176406354 0.5368879883292761
0.2172325104707547 0.5473076097841897
0.33819933681819264 0.5556262706517016
0.4244385024310455 0.5610724147135033
0.5570620675662941 0.5743276066416173
0.5849301998475162 0.589313173819595
0.2874776530576351 0.596343863569584
0.574785263784855 0.5964530118036993
0.5734916414084952 0.6144699257995593
0.26959811917913057 0.6152784770904087
0.2917185815930271 0.6175320833657977
0.17502728914185867 0.6272825559589168
0.6132320645364001 0.6451869686423504
0.3115303918475986 0.6473176089539359
0.37557683015213883 0.6510473850134642
0.5489070283085848 0.653116902009795
0.6729733596279298 0.7067388450051977
0.7079182865953351 0.7085796461212464
0.2629101739950442 0.724393162546012
0.7210789751433124 0.7256705016782483
0.7133773646746862 0.7306931002288357
0.7091890862393009 0.7327048616245672
0.3044051343163094 0.7403262786092174
0.7166354279396268 0.7483875644925612
0.5445898124962482 0.7517172105282207
0.7641835211431327 0.7731379976595358
0.7120971700747256 0.7907642859872033
0.7646182666953356 0.7936871358523894
0.31856070470849646 0.8198420729815822
0.21232656740778927 0.8214112717500436
0.6194060058603008 0.9193014558396162
0.8910169961042984 0.9247288572396836
0.9311560700943053 0.9314171389169938
0.9267603645908509 0.9334379719768249
0.7832074081439908 0.9354596750757658
1.0238664662965309 1.0256851667530267
1.0419965183495792 1.0501560762704887
0.3572363018322037 1.0553689059751958
0.34993340501472076 1.0758535906100914
1.1021086928421784 1.1027389674441996
0.2326515639447345 1.2027616406113335
1.2342826175900456 1.234350910474143
0.196153075790366 1.2353859112334395
0.2395435738532044 1.2457527605102927
0.19067161106985614 4.000002332637096
