2.1729445780533236e-05 2.2170256466083206e-05
3.874550545713261e-05 3.927095250028978e-05
3.945962905203412e-05 3.961417430141492e-05
0.0003646967996820466 0.0003662743082436831
0.00044425956029783375 0.0004543856988088473
0.0005596165496851267 0.0006509866006874994
0.0005889346267925104 0.0006650411741052413
0.0006269309450337577 0.0006733833722785672
0.0008857127828594852 0.0008881103792124618
0.000958371404778996 0.0009629483938613681
0.0009090191984956796 0.0010788880632947593
0.001078529070612806 0.0011347094726417858
0.002473092587949325 0.002482634275372059
0.0025692759297620865 0.0025719522870311204
0.002352187672683063 0.002600400369837496
0.002563467605023284 0.0026365996780737507
0.0026708604887577887 0.0026791238977350576
0.0023727825238146136 0.002696302259793214
0.0028509317086757983 0.0028619654502652983
0.002769678231408287 0.0030409083362374595
0.0030356491819873914 0.003172563308555622
0.0019059541563416933 0.003274142320975168
0.0029391378908071833 0.0037735289734806264
0.004239308728557709 0.004281061585690106
0.00423135103289377 0.004326534614479318
0.004593111056137183 0.0046406357713380236
0.0035649022941466853 0.004979089444842347
0.005896046985796945 0.005934810550713859
0.006266847424896079 0.006381897565644728
0.006494680606276943 0.006528912941544502
0.007227294692786828 0.007227961917665835
0.007952420275853297 0.008271966291698359
0.006991781643129465 0.008612885469822333
0.008461346275141233 0.008807253001062275
0.008460212102237548 0.009030879055098065
0.009015847847113543 0.009055350453835204
0.009063876021537206 0.009098432285768569
0.007370809116537998 0.009446210910552552
0.009641676454261946 0.009975524599793865
0.01059832623469318 0.010734657247125029
0.010567688639194975 0.011634319736183615
0.011722467553807077 0.011858251165402017
0.011903842272814415 0.011928226146462604
0.010631539261732836 0.012600111198104193
0.012610725465590028 0.012983442674750977
0.011110836077022181 0.01353891510493337
0.015053268968737465 0.015055505069862541
0.013163280365319423 0.015573012892017376
0.015474722451388114 0.01624340930490032
0.008968377551566849 0.016688036739207598
0.016315572962034373 0.01671950136404946
0.014693624889725714 0.017762134163483382
0.013913050950601965 0.018013959835499294
0.017811541728810616 0.018334661030551716
0.016174482550131323 0.01885839452133687
0.01891690671188754 0.018935174864246132
0.019150340547483984 0.020002358327570646
0.019185501775570026 0.02019084177929454
0.020359619035561098 0.020437136946967114
0.020042607845905235 0.020479193756375712
0.02063398596231738 0.020682564994203782
0.015873267394541563 0.020752668890213453
0.020772347466902694 0.021175839567330858
0.02327342003180677 0.023363192279434414
0.015120650790771187 0.023784680294829035
0.024743747033791015 0.02478632059058542
0.024755274329887323 0.025148411509855938
0.02416113061427777 0.025409940644874663
0.017497668278451173 0.02564122112218245
0.026159802515118576 0.026438913337510833
0.021622061296712076 0.026662556459486654
0.02667423592610653 0.027290985255824823
0.02665366081585347 0.027689036456105376
0.025524608663710098 0.029209118815148108
0.0293989328422378 0.03004254858605736
0.030439288682063796 0.03123067126574678
0.02654432676874418 0.03148354145426834
0.03134141273023685 0.0315051394983516
0.031260083676901154 0.03188405398882408
0.032750393157740525 0.03294591304156057
0.033001514068669385 0.03307473922688259
0.03325624235220192 0.03328372196499827
0.03322834422468733 0.03331334877158646
0.03398730323749791 0.03408900377753506
0.030401926818665978 0.034497101670785964
0.034555952672907196 0.03502800365296888
0.03531797399287543 0.03545712723389833
0.0341027216058281 0.0356786990757074
0.032017683241777506 0.035877177074151424
0.02395036333175063 0.03630768078295002
0.03165468856402332 0.036384199345599666
0.036632658846317966 0.03706710361452925
0.035790043883771445 0.03718359975763429
0.034423382387885754 0.03739953898328357
0.027616505986419695 0.03756936849910969
0.03790754726477642 0.03794825419527089
0.03768765306983286 0.037952177791499724
0.02956680101484548 0.038567841333875016
0.033626959941139435 0.03898779469836517
0.0383922570268882 0.039098003201438754
0.038635460361519644 0.03921057583457938
0.03821738006517524 0.039322371793613614
0.03895666824551959 0.040310971001089775
0.03843697421277979 0.040559313554900424
0.03574519460938959 0.04218490904006012
0.04192913443493322 0.04246320344774193
0.04099021934107415 0.04253708194616449
0.040815683914863454 0.0425928160804413
0.04022494887156302 0.042593583140755904
0.04295646210541197 0.04347923235300205
0.04162486834652184 0.04392289682918805
0.036871151339650125 0.043948757507297924
0.04348255074667548 0.04416682486878183
0.04150543172197783 0.044170352756464304
0.04320707019224883 0.044423434405119124
0.04481199995939985 0.044820952683510815
0.0131107937044721 0.044826373846753705
0.04454602723724943 0.04485709009280002
0.04064821826783077 0.04689240878544233
0.04518507227359414 0.0474208955964844
0.049485805704684444 0.04948730506447478
0.03739358368471951 0.05006410508656859
0.05154455205321924 0.05154646445285495
0.04468245948848297 0.052486535095675586
0.04981806243981014 0.0528274421077963
0.0523224261594786 0.05297313110919074
0.04799436788939946 0.05322083380858359
0.03923476701243666 0.05324183693148576
0.051868234739417034 0.05401034667786521
0.043821261818161754 0.054355343708915836
0.04970990992085217 0.05438883941793391
0.05551280732185289 0.05553170075059651
0.04358731411398646 0.05637149495047388
0.051162575763816345 0.05699809335401372
0.05654332310610432 0.057118900916934785
0.05506328567495502 0.05765564063276089
0.059147676178798445 0.05920056113774493
0.061408536142267 0.06204139057520312
0.05147919795290054 0.06207483483828505
0.06116803264073387 0.062400904679543595
0.061391574222164166 0.0629714826170763
0.060608076450965 0.06507378790040985
0.06490978885048862 0.06517873705511829
0.05754826085033797 0.06520110008861339
0.06525826461478232 0.06528192473955705
0.062397268951159435 0.06581564011035008
0.06314204215453267 0.06666426984262765
0.06434317246600568 0.06690823192619905
0.06700022198158198 0.06700877170192242
0.06488533805689142 0.06723609161470123
0.058011805953669476 0.06740576852293809
0.06559752157700843 0.06777965638552375
0.054630849853724635 0.06918211036561518
0.06894218130552847 0.06964399853994144
0.05346524052549766 0.07060813665893192
0.06963520589059198 0.07182272249292757
0.06153754676672656 0.07205620032951636
0.06699186399698315 0.07217354352907826
0.06600290909028847 0.07244758417699168
0.0709700099433719 0.07416850256724619
0.07215941989835402 0.07488812391199215
0.07460644743862221 0.07517370113642917
0.07126384262219701 0.07578901720576715
0.0649278527432197 0.07612714318486295
0.0731588601718142 0.07640423142668816
0.07717157539405564 0.07717308000531538
0.06149856416589436 0.07724971067711973
0.0744630411230767 0.07725845045027356
0.03932670768025487 0.07732064990759645
0.0716654881218947 0.07770629300962398
0.07769065892251943 0.0786771910143227
0.07366642689504316 0.07909985184643548
0.07858114628887268 0.08047450548037952
0.08069765877482571 0.08174234290623326
0.07895157830555516 0.08269228484647322
0.08207664179974393 0.08397964910519508
0.08115879484654684 0.08461106446498151
0.08381842292534528 0.08504220029173498
0.07346269243190705 0.08538664300351406
0.04519884226028459 0.08592056998007322
0.05647327715928352 0.08643351636149038
0.08671849958238993 0.08676821260125435
0.08743700643015863 0.08747036529614008
0.06360635980689229 0.0880002453061148
0.08819625794674656 0.08960797907765354
0.08904495588488492 0.08998135419462978
0.08913683836186745 0.09109570683642153
0.07558889218384365 0.09138292295145976
0.08489245555363696 0.0915890643080301
0.09160612570527221 0.09160931876597368
0.08095025865793071 0.0916127657411092
0.08702002479801717 0.09344368255258316
0.0709221293577813 0.09449328331468096
0.07462607234479422 0.09476812207120489
0.09375475648992203 0.0950641507542071
0.09473475309848388 0.0952600247922278
0.08733072812966944 0.09782247428958306
0.0980399273626445 0.09820421209376033
0.09768054637423346 0.09827181081098932
0.09115766000591026 0.09892624711372207
0.07248032550947152 0.09910782701975354
0.0822859350560875 0.09965347368894134
0.04214933328688877 0.09972837112892553
0.04935108991141784 0.10088730132589932
0.10012359661639711 0.10156498844200226
0.10140770651725847 0.10234345551415606
0.09941242950740489 0.1025029486918584
0.059520426418138046 0.10263340170660788
0.10002676760211177 0.10384299672137216
0.10377741670772571 0.10412181268091301
0.10693881968673911 0.10699046973271768
0.10693008681529936 0.10701559627056019
0.10701315948518388 0.10729689543846384
0.10703430147724734 0.10730879939467586
0.09343963978334023 0.10773794632562235
0.10045460150657354 0.10911665649895683
0.10760523614766948 0.10937986552322304
0.06139231296224981 0.1096670267055124
0.10562367150797769 0.10988257474325565
0.09370500790087868 0.10991976179016644
0.10820095229396556 0.1112007812314835
0.11107560915394601 0.1115278775998534
0.07826035033759278 0.11167163656162792
0.11111049613963717 0.11196347072061169
0.08688957226736663 0.11263039745028049
0.11246745723189432 0.1133376964879145
0.0540942742908813 0.11372414289583374
0.1121017891963083 0.11377830980194417
0.09086045893256238 0.11411473119007175
0.07035239580988813 0.11682192698628688
0.11465700797129737 0.11690799571510928
0.1130297066250611 0.11792218018133972
0.11836660458104674 0.1183667147677827
0.07821075108489466 0.1183968156809509
0.10357873864406966 0.11919380334345864
0.11930549661944947 0.11947581520170435
0.07354110573262566 0.12028583502541879
0.11699879352468691 0.12058908774021754
0.12022873993107831 0.12125440194253924
0.0801823497316047 0.12182402358438134
0.10822647148490538 0.12398090713515174
0.12481564644403552 0.12528669236867437
0.116874355904692 0.12686587093182328
0.12580477222088896 0.1275505256866451
0.10026544864027603 0.12775703792406332
0.12728275228416205 0.1280353619267749
0.11538938507109049 0.1289080437557925
0.1279513551495341 0.129450006632765
0.03927201687940797 0.12971602368922822
0.128894639239297 0.12971822318074203
0.09553180406136234 0.13014964745883487
0.109776674807696 0.1305590799036117
0.12728736484636657 0.13062392635902728
0.13070322838260479 0.13074136460081384
0.04869326203431158 0.1325992812160125
0.1302253991252882 0.13334700321857423
0.13064839842130355 0.13541864095241807
0.1358514785497709 0.1389736155910174
0.1391947032572305 0.13934323694773854
0.10899347214246043 0.13944730791124008
0.12672247914563223 0.14149504076201375
0.1257623788817808 0.14167876970110815
0.12635205453631204 0.14224179397997527
0.13899573569815482 0.1422895314465454
0.11596988282664387 0.14259670785879247
0.1311202717886814 0.14364066447646087
0.14217674309979542 0.14367584767950825
0.10816291940656807 0.1441260830557642
0.14332975920033036 0.1450235080586534
0.14492406254498247 0.1452655612610442
0.14652463367715593 0.14726946236564364
0.14508402536172216 0.14728500255812285
0.07299402605182236 0.14749409729591803
0.1487836712702579 0.1489242948012062
0.14044373003557525 0.14903693476347324
0.09191722444146545 0.1491336928908518
0.15019769744330186 0.15026781603052872
0.14978470324719015 0.15118128611817847
0.1521071076345369 0.15218787054272326
0.14615306426250457 0.15236160458421782
0.15239096860015114 0.15292261107667815
0.1499738417530651 0.15464794779303898
0.1355720407045348 0.15508336283248525
0.14881261307373 0.15572176567739646
0.14831546526873815 0.15609052407780727
0.09667222011692835 0.1586661356799845
0.1554272265789927 0.16119887074052533
0.07913704042532109 0.16137616146838304
0.14791795308475114 0.16225685464438658
0.15715163386127617 0.16266507947239958
0.15342754996327285 0.16291320040292712
0.15554401689504846 0.1635109465406221
0.16133437886415264 0.1639559168309951
0.16023810410694728 0.1661138312935133
0.16397612120106886 0.16748621184645276
0.15576141406449906 0.1676692463023135
0.16725246097021101 0.16845177773603118
0.06966267128390458 0.1687663900367668
0.13682318310221225 0.16894622607312504
0.11623300329136918 0.17188367936200127
0.16810875419228932 0.17308511563498513
0.12569738597891153 0.1735699488090449
0.16429197744494192 0.17444890322665244
0.15934647610874506 0.17457994775310345
0.16281378994817122 0.17462989922490132
0.17477582474551098 0.176735467211422
0.17949370584180258 0.17984533784424
0.1701047420232695 0.1799504694688242
0.13656899132925227 0.1801316597237055
0.17904885183704505 0.1803754785426913
0.1764101353158157 0.18052307052427663
0.17774256157854343 0.18062405276840024
0.10531528502751614 0.1810663769723424
0.18055007631380782 0.18163322435667045
0.16261891813520324 0.18233322974243504
0.17793194556689018 0.18307754439070467
0.18311991568891123 0.18333481376496005
0.11510666520687375 0.18415651746485953
0.183369299588256 0.18427877626800315
0.10078062216793823 0.18517472185007225
0.17996677221515228 0.1852250590133233
0.18424073221973922 0.18527182900933845
0.18526340464432495 0.18597364622599175
0.18592139777902217 0.18608606725565713
0.1868233327766281 0.18821285714126001
0.13582008036014165 0.18920804767556987
0.18737989097065938 0.18924622802722404
0.17353737588047058 0.1916998261199865
0.16737546156906263 0.19181649438699927
0.1908252524789492 0.19588913683294454
0.19575550218148646 0.19597432209986906
0.18864641391165848 0.19597487097595523
0.1266056831511057 0.19663522843283354
0.12044524447233618 0.19694633511471488
0.1878685884814118 0.20170778342736878
0.20189432393657358 0.20204598793084347
0.1173665944782382 0.20223098322417993
0.1665114438237045 0.20226087763823836
0.06661767615514186 0.20249995412393298
0.20295741752331872 0.2029914195465752
0.126456781083515 0.2035368691767696
0.1972085975249121 0.20401536340184356
0.2038319049938556 0.2058267043834325
0.1827180019481183 0.20633450233587206
0.19006678974255461 0.20658257144025705
0.20142142462956916 0.20672377805187037
0.12805421059442607 0.2089161731107847
0.1925363039921262 0.20960529913715503
0.13857801987186139 0.21045002656200112
0.18818199278672681 0.21065434646692938
0.20648216487088675 0.21266255854081906
0.16487767471856524 0.21441280282831054
0.16357110508326872 0.21552479318364937
0.08596643592790723 0.21596486207233434
0.21084041909208895 0.21905814008651306
0.21687145757241844 0.21927820389109387
0.21459741725054632 0.22028795525135408
0.07625828456740835 0.22126819041927637
0.21503510186613292 0.2215321618156152
0.22239257654906575 0.22326371543745202
0.1572644177878817 0.22399661642270036
0.18228218919616632 0.22586193095525806
0.22742294928233936 0.2277164862838071
0.1973228891971378 0.22774368115943006
0.22292958630507825 0.22825048150908772
0.13921653776964057 0.2290889250670148
0.20928237139567138 0.23098491517109937
0.2039939880714463 0.23186025656639098
0.1505619430478996 0.23215264512485473
0.23291097633218763 0.23336474664557974
0.12472236250729456 0.2339854482596456
0.10067740872146459 0.2347407321658526
0.23482924409673622 0.23549053634997022
0.23535173963160355 0.2369420506283449
0.22077808621756634 0.23923747373260923
0.22539057883741948 0.2392411913323298
0.23951258315947205 0.23982563574963306
0.22348428832666511 0.2429193413070876
0.24244457080113305 0.24347608549154537
0.22011687738864108 0.24369248808344854
0.2452501525087593 0.24528226077871568
0.1159023847495689 0.24574478813674644
0.24463061675980477 0.24633561762424694
0.10895287230678992 0.24802690108801065
0.24985159034863233 0.2502424353391401
0.24844248389936277 0.2523370166096096
0.19777471539821012 0.2528452016064403
0.25209402097526135 0.2532084565414012
0.2561939247977357 0.25747384447866156
0.10475961370676896 0.26091429731879606
0.13210438207768807 0.2610234270590279
0.22897028193283678 0.2614075915120452
0.1435852538054721 0.2635046590192804
0.2577024315772019 0.2646641681654942
0.24372412417231012 0.26676103222925485
0.20071559577788697 0.26711912809884786
0.26632763795168357 0.26944066644934206
0.25281853863937565 0.27287749775131054
0.23037466648122842 0.27311643396105045
0.27315472503460514 0.27342268409483234
0.2751830943758846 0.2758081015158102
0.24533745945624613 0.27605988125302644
0.2731894640554486 0.2764282114338963
0.2498983467771189 0.2773147201653717
0.2771945968612322 0.27755305703090816
0.25553911934159024 0.2782308821820279
0.21505134801888823 0.2784646471151345
0.25597291445110454 0.27875236822929617
0.25210656903134665 0.27961092173488433
0.17788412294730682 0.2815041244264742
0.27849854045067723 0.28333301199078104
0.13864418160832975 0.28529086787195795
0.28563959380838644 0.2887584418916105
0.26211555273230874 0.28892771234489867
0.23283030021798312 0.2891482739166166
0.26823607947503303 0.29042382051865206
0.28843278170214864 0.2924750087146134
0.29257841871114526 0.29275318701094455
0.18780840199147317 0.3041805669831073
0.3068909482435899 0.31193798201384304
0.16489134306118405 0.3128011643982644
0.3007806296366733 0.3153764205897695
0.30548890386340966 0.3167309507265629
0.15345944974562095 0.3190109049141686
0.3055279705214588 0.3201182680238664
0.31090372109401865 0.3311108394858014
0.3198358414211624 0.3311353099693716
0.32967352293842606 0.33564003175363366
0.30987311616978214 0.3379919987119073
0.33933963261605865 0.34090193121277507
0.33716979962487886 0.3413035716747678
0.33824379868752236 0.3419591331732054
0.3303897413164772 0.3422170849110394
0.2998376352063439 0.34322808630048407
0.3368503473736376 0.3444395043598411
0.3385160098302455 0.3452712118016129
0.331822994266758 0.34544808398734256
0.21930689871147815 0.3456307799709981
0.32166845881199224 0.34806451442015535
0.2963075950833533 0.34829895456153837
0.3512802227579503 0.35153231153997855
0.15023665264509783 0.35175891536148907
0.19194953523313915 0.3522671456016034
0.24119887375389934 0.35257814878438315
0.3522507423234402 0.35385919976398184
0.34889072845118263 0.36056414305525913
0.35392627992613956 0.3619097825970207
0.1219749996331026 0.3662158953335076
0.18616661205672927 0.3670953107348645
0.3310154645752896 0.3683428541716258
0.3651197448076471 0.37146001666053624
0.3703263509161715 0.3739120321093933
0.1772982341105135 0.3753850867671786
0.33634639620258494 0.3761612238927663
0.3720382128498997 0.38387432472507577
0.359761236495169 0.3860015954121084
0.1381945912243873 0.388502792205641
0.384606404314337 0.388591331297468
0.23919947444938658 0.39016862736077446
0.3646160087343871 0.3908109647797731
0.39628473299374306 0.396364594278582
0.3983091037731402 0.3989005406539374
0.3644523308204876 0.3993903091985614
0.19684121687555328 0.40150008454134944
0.40150088522206007 0.4015276596786513
0.3249732899454587 0.40606959788272023
0.40603602391372295 0.4082516067517533
0.3469019819850189 0.4138866713792709
0.23659883371880897 0.4147088647293877
0.372348825417722 0.4153224742503084
0.233560267259436 0.4284840256196518
0.37397537814718873 0.43105837847107553
0.1192059063053382 0.44426052331866506
0.39394778526710267 0.4473202236129427
0.3166760823074423 0.4479406821359463
0.44958477667013197 0.4517892894175368
0.4205113967379098 0.45663425734616897
0.136519809716382 0.4625216664173354
0.1753187100647961 0.4682910289247446
0.1618889922466798 0.46916004542682227
0.47271589373779344 0.4742118259554098
0.2759311807316212 0.4805955263768377
0.191384587658453 0.4840864537602307
0.2388753040988364 0.5172185620509423
0.48150244099807127 0.5314103054910256
0.5343840053582549 0.5344937725087742
0.20984919847153333 0.5348299356440889
0.30130727044709055 0.5371208573382068
0.592148518406228 0.5971842218514694
0.602345121197911 0.6142899768294828
0.20027597582349357 0.616061153726816
0.6130368950127715 0.6178750742949686
0.637097050137293 0.6523380479142804
0.18343493144011228 0.6711938693683821
0.6728934515814641 0.6740424085431028
0.6900101276307722 0.6914185192018825
0.20551581922320256 0.695981708793376
0.1341880970355652 0.7085651517328051
0.7238890589882964 0.7238893404370706
0.2962353661595616 0.7278049985821521
0.12653066827116774 0.9380657300570656
1.1210115297617538 4.000000733342396
4.000274341786821 4.000274437352773
