0.0034617050060047694 0.003829761560638551
0.004873029876985612 0.0050633120313468595
0.0050413066892599796 0.0051896346112307095
0.0053191404094212035 0.005927803547467367
0.006163905200010647 0.006723746639937955
0.007435713516401915 0.007832804347609525
0.008555566156592987 0.008566763979229912
0.008204577731314245 0.008728871973950492
0.009014888760068932 0.009078283935048326
0.009107730559212096 0.009558683163348607
0.00873821587322515 0.01060805145390285
0.010875572794123399 0.010920040066901726
0.010654866465069728 0.011150358928828737
0.010683492132268676 0.01116995042268429
0.010726159092440157 0.011265681805873723
0.01086713679645345 0.011557031614712054
0.009033297600436174 0.01163882276241051
0.009124366422077796 0.012215255269333402
0.0112773046199305 0.012612102716128476
0.011341067308398553 0.012696280647168934
0.012837476867628884 0.01328731715388482
0.01324368541606689 0.01331981558562941
0.012659466183089892 0.014016152889675743
0.01299306576541647 0.014129781925730707
0.013808708437808176 0.014140038240439282
0.014081476452001859 0.014150523610834454
0.013781999063200056 0.014754573057212821
0.015807816093227543 0.01581125967803589
0.011838006398758687 0.016268043850005888
0.014357729634487575 0.01838639125044397
0.01398815306557956 0.0184451124416551
0.01625647298843801 0.018596261780515336
0.018405046738583432 0.018652095819701797
0.01788193875265587 0.019646187303487328
0.02002255265467136 0.020131500838225805
0.019721970650284987 0.02083243310991967
0.021008869654970428 0.021244408204476543
0.0198918711916882 0.021350329576400685
0.014060548791011419 0.021736479128332455
0.0213455263245091 0.021984721926069165
0.014962261110791386 0.022117157014349503
0.015614447187647654 0.02222050935799256
0.01867531923543877 0.022466329235788608
0.02274792491319682 0.022825598972188502
0.0213869891557779 0.022842567461745886
0.02297863162421996 0.023081680681092252
0.019478920075732244 0.02436240291650594
0.02440951488027357 0.02480139128472241
0.02510613078248651 0.025122353366736842
0.024142456510716274 0.025714308687691652
0.017730220117228725 0.02585966718874232
0.023827625823807874 0.02641933181090029
0.02630440078274314 0.026575306190836707
0.026560520022584216 0.027413089711349158
0.02665303357627544 0.028093893805172028
0.028135498844446893 0.028223488857662727
0.028066058829625085 0.028606689476249624
0.026962780504470422 0.028747423561234834
0.028223129019619125 0.028839103220637402
0.028469973835965917 0.028904301721397883
0.02637631325724739 0.028950078192173007
0.02646922598409193 0.029177565981011615
0.02619082705662519 0.029184094452682996
0.02799254490736795 0.02948971092136303
0.027263559268595753 0.029568260158191268
0.029586593746908623 0.029649819145957684
0.030263453046750967 0.030392120995345495
0.021615286709333794 0.030846606695690917
0.030606533295152533 0.030960205979064882
0.022820757973933514 0.031071283492887198
0.028902938508288258 0.0310838530136622
0.027886571746922564 0.031617208315939144
0.03119142246386329 0.031859941396567795
0.03189578230421995 0.03198640270375068
0.02966285238379028 0.0323566581502907
0.030078425147287285 0.03266983454635221
0.029409200189993552 0.033274515669611815
0.029809751807606203 0.033439690104066895
0.029742749361439034 0.03353056989691559
0.026100299191679516 0.03394817194934497
0.03116071859561836 0.033953124831212926
0.029914638015401864 0.03395881335197389
0.032621269782980716 0.03414058680418322
0.024028895364157532 0.034216223164535445
0.031150834145020165 0.034259880128650666
0.0314901175617483 0.03428211972904999
0.033948425723344985 0.03505281959972709
0.03509206903606618 0.03520041070250971
0.03549423149515855 0.0355847925486432
0.03526948126212381 0.035909776143060124
0.029024113296010817 0.036675615310310175
0.033360460577664404 0.037412639241530175
0.03777406427264196 0.03867343760960962
0.038155716852187424 0.03869329487920455
0.022912430033001044 0.0399723383423147
0.03534049926746487 0.0399740584402356
0.03777407505745122 0.040263734813925804
0.0403263613412838 0.04052021435771033
0.03185226402911557 0.04061219682578748
0.03993257714337992 0.040631130690663216
0.041327189631055146 0.04139597290314671
0.03967630102237279 0.04171765802501263
0.03893691510561404 0.041836685398784754
0.04262795413756189 0.04284811965151153
0.04176225732830444 0.04323105552797855
0.03309032546855977 0.04342220446433745
0.044013954621486065 0.04401621132803168
0.038343734264629024 0.044229666219053
0.04340036882841123 0.044339046934962247
0.04423960541479807 0.0449966253912736
0.03647429149164263 0.045304196222336085
0.046543838507992874 0.04664745169197841
0.041891566543643975 0.04687923175797993
0.044622071161279524 0.04713763226513776
0.04617062735839346 0.04730898996319548
0.04044869273201992 0.04824266414925681
0.03479855530775894 0.04843275108364712
0.04520534489012305 0.048909365145141596
0.0492314069625714 0.04938436804261189
0.03049945153058958 0.04951300019389747
0.045171455090458605 0.04957698413751349
0.02165250613124005 0.049591747700205066
0.04870309111918599 0.049774198015027714
0.04520489550748958 0.05149003824809171
0.05186796257949949 0.052246189538553124
0.05269197265683639 0.05340534028119864
0.027223354364969216 0.05349207154087761
0.04040137377892248 0.05369281032592957
0.05273840797837444 0.05379360199899149
0.03887138390375464 0.05382767825195225
0.04560251599212062 0.05435438789211446
0.051249398352736 0.054822105500199045
0.03688384449490523 0.05507499167977229
0.04571867908473233 0.05513470713744507
0.023114552310319593 0.05535664833120601
0.04811963255809363 0.05557180150481621
0.05495906245247381 0.05567734942977554
0.05604111865185237 0.05617457550331095
0.05612646526046948 0.056203881355034804
0.05468240943618265 0.056669153146856485
0.05724279239514611 0.05754834928363475
0.027060777645969165 0.057599185310259655
0.05543492950587069 0.06045354116471138
0.05713139089074637 0.06231239808690017
0.06416696281612749 0.06674524493447284
0.0666028870385365 0.06683170493226419
0.06714596690263133 0.0672239572733634
0.06766701976772142 0.06768118874480636
0.03726487121879597 0.06800818687315574
0.05944330472841807 0.0696532551728092
0.03063594369305694 0.06968939678724438
0.06995017407556098 0.06997341191512631
0.06757280907564019 0.07017572571827438
0.07055276683950538 0.07066134778151383
0.06755307054001354 0.07090072631172631
0.07354614554137245 0.07355280155140888
0.07560302470111765 0.07561298349795725
0.07330197746213388 0.07590505715674921
0.07616280001128628 0.07616314078516565
0.07350623182763748 0.07715776763499806
0.06709658450118794 0.07775031513132495
0.07269859302325525 0.07776928567457793
0.07829357985616871 0.07856443760346071
0.07973345975438745 0.08001488545318348
0.0670363717889756 0.08035290400396126
0.08013875604134327 0.08130744666757793
0.08108351092878714 0.08218041431142516
0.08207662612521757 0.08259580457888682
0.07716504794374784 0.08469820566682214
0.08248723217422124 0.0852951775371711
0.08395388903240955 0.0858269149911044
0.08442071710404818 0.08587542403802274
0.0855807022992149 0.08591006294333603
0.02798199964445984 0.08639007981277254
0.08293008992021382 0.08656813821674722
0.07383611260247414 0.08773005516475828
0.08824692283729474 0.08837841331432525
0.08798725597635652 0.0886944262440165
0.07724971157407919 0.08915202442554686
0.08512354639553457 0.08928965011573319
0.08647215592428047 0.08988059579967934
0.09002927342733918 0.09003564096950809
0.02043798509183107 0.0914198535322329
0.0767831668979456 0.09302172598999682
0.08612067008397141 0.09313763306929901
0.09336455268554437 0.09336592374721996
0.08178057947655988 0.09341561101026051
0.06955757317520306 0.09629719929764854
0.07623180357545455 0.09698715337441223
0.09149689588669979 0.09744659017307641
0.09579945696181331 0.09761117011129129
0.09349726717324824 0.09850171023840924
0.0995591464654347 0.09967308186945083
0.09781818835198856 0.0997034223188191
0.059381314133163846 0.09995695275190156
0.09425082284835547 0.1009957838475401
0.08239186462072984 0.10160033123992847
0.10147272396007381 0.10162028930159098
0.10149972812638557 0.10173204467921744
0.1008717587364764 0.10367680406579348
0.06600180653704829 0.10483046450358696
0.08983209672339416 0.10902662904509197
0.09290657245593402 0.1094703800142068
0.11172789704175293 0.11183160009567517
0.10753268525629787 0.11201405604883279
0.1017331441095319 0.1120583378806709
0.10456376704985462 0.11268087252666695
0.11110137103981929 0.11367734379405198
0.11384425987638488 0.11412989955289599
0.11168686583573922 0.11457353042093332
0.07969158185251377 0.11466341830686179
0.10233337833608178 0.1158045159329876
0.1148574686290438 0.11622929834024526
0.11835311838837692 0.11835536403744942
0.11860938381632655 0.11867377958153474
0.09261671756203352 0.1192729609221846
0.11842608658973364 0.11942525193898564
0.11172158511873949 0.11955283023344399
0.11945950793228902 0.11956224125245024
0.11026526009653939 0.12065960938689124
0.026048450420201624 0.12269975893333633
0.11620687916134784 0.12299763065256256
0.11823868699023743 0.1232865288349916
0.1101634278374112 0.12435513333552439
0.0799174401201269 0.12458960448841609
0.12421776625741779 0.12486745305842895
0.109343853209393 0.12549943040673953
0.12086481833802061 0.1272229918332776
0.12726820264223324 0.12731701637760012
0.10882322077444435 0.12803758825981976
0.10955804261819947 0.1280899955301711
0.1281660984446189 0.129594305081804
0.10654668135199204 0.13012932866950477
0.13065735430488234 0.1306575015677029
0.12873494513725936 0.13192416362914586
0.13159817412387725 0.13211859397313894
0.12236955981924438 0.13400511532375023
0.13198761319769142 0.13467990395417487
0.10020933230981156 0.1351634195288889
0.12868398838754555 0.13705530012252667
0.13531592457826064 0.13773182053717117
0.13052568923568975 0.1395202478649005
0.12347441625671719 0.13995058102909652
0.10331476451432957 0.14000073354013237
0.13745305420034343 0.14075779874002162
0.13966092141257247 0.14216853050526482
0.07146452767694197 0.1443624843742818
0.0944660213686437 0.1448887655172331
0.1340453206926812 0.14883003184662164
0.08765550359892943 0.14883944836904484
0.14979074271972423 0.15001316086758895
0.13808858536386895 0.15005068345863903
0.14462208722571768 0.15073549704904377
0.1308775772014546 0.15145537756289015
0.15238717549007855 0.15240042369754697
0.12187296564973246 0.15549044053799593
0.15010377489471935 0.1561464769899019
0.07984623326464119 0.15665522475309882
0.12297919976990691 0.15726989019970192
0.1424887804416881 0.1609418868661838
0.1233502943677048 0.16265542310887304
0.13501850905342452 0.1673729141886406
0.15977131963624966 0.16795007487102667
0.15541383572272255 0.16802349525435525
0.15488308470556394 0.16880708076126788
0.14416239538979406 0.1707234334169215
0.1690808663463662 0.17088762861457266
0.17179897848985679 0.17304718710069325
0.1782378205566453 0.1782391227740514
0.17992391598964785 0.18021489646563657
0.1267792678739009 0.18023929256790028
0.13699329889376655 0.18147657983027046
0.18146084861720127 0.18160099137376784
0.16131324509494055 0.18230278774535408
0.18081205220232904 0.18240478526342244
0.16495057385867176 0.18351440412555228
0.10183368635210883 0.18502628324086925
0.18546334633423175 0.18546506724848238
0.176089581067201 0.1856556523095581
0.12389252707437012 0.1857619040969442
0.14684352022674668 0.18681982458188165
0.18414336197506606 0.1878261053516052
0.17182079911579107 0.18803357369229326
0.18796783952178162 0.18928766057807594
0.12778094435813975 0.1940849977230774
0.19236089247287744 0.19602730795869144
0.17622640992027444 0.19794164638033607
0.19832977504355206 0.19850895359532303
0.17044687461529096 0.19855239878156383
0.19183639491408638 0.19892303245576676
0.1985070905493385 0.19913659186217475
0.19821189730676614 0.19955376907964412
0.14425435720978433 0.20079535001574528
0.19736543165629408 0.20089845951112292
0.20063924381274434 0.20189088777802222
0.1957448452784681 0.2033977315968135
0.20397731653141543 0.20415896248819104
0.10625085599707798 0.2043079017830325
0.20718216729592298 0.2071865397440253
0.20324226563452283 0.20743004370032578
0.07849197215833481 0.20879104470213805
0.20729762302304075 0.20945185391886845
0.09875912501012005 0.2097434054608069
0.1960795674313523 0.21002607572003637
0.2099814700827066 0.21155971657810493
0.2080197821381675 0.21184335235971538
0.2121549562650759 0.21283094037626804
0.21434770784348547 0.21448819242825642
0.21030367179234322 0.2151440531445276
0.14566335663275606 0.215672692876118
0.2131013516969048 0.2166422441030248
0.20454313521429912 0.22014759474029114
0.18123611037961312 0.22296289888732165
0.13317583086703622 0.22374081811333463
0.22268533186861922 0.2266518340845506
0.20482729555405083 0.22877323931198407
0.22736862321986273 0.22897785822186614
0.2254413125267549 0.23117337940021157
0.22358804891547435 0.231418064557842
0.14389807046704453 0.2315206771331845
0.23054699301168352 0.23512156775022133
0.22871968978111537 0.23578766869461718
0.17427897307817763 0.23691225875785507
0.1802448239878669 0.23864773140145268
0.2374951133683004 0.23874544110559237
0.2400626134670861 0.24248074045159082
0.23909431671810552 0.2438005987235618
0.23306910707066553 0.2444098616883179
0.17427924413958915 0.24549490356364906
0.22329078959803283 0.24716512249000164
0.24552190708129412 0.24888735214660834
0.16428966549220334 0.24934686409475754
0.0941995202370185 0.24997470080960588
0.14083755558682548 0.2511839507534115
0.2559973179473609 0.25720851152610436
0.26033989546599523 0.2621538312645127
0.128238225783104 0.2621989099600516
0.26249199517674715 0.2636699205368268
0.2587497277880992 0.2639006472189195
0.2651003961505144 0.26718447046026966
0.13880494292138665 0.26733093787641
0.26799358857861705 0.26922047210496736
0.12367958721714213 0.2703969213403737
0.27120836204072507 0.2712370285823917
0.27556414952856645 0.27567132592064386
0.08924776308145463 0.2784642712409884
0.2666773175986524 0.27949097724974126
0.27217785425804375 0.2803236420012346
0.26804733080310694 0.2828143341193092
0.263546633904414 0.28355133543887695
0.24838913897418669 0.28560210521083473
0.2683043912654017 0.28695231582720815
0.27680658305034456 0.28733498930460066
0.28438452853879376 0.2876686470470438
0.20745299895233865 0.28789427340264684
0.27896336937356764 0.28805957169309826
0.28912121307960076 0.29065660297034207
0.28582539962079045 0.2926753230566449
0.22640266072201345 0.2945738676990513
0.29469015820857125 0.2950976908675689
0.22567067746670016 0.29635759884891094
0.15668386473634643 0.29760047103180126
0.276701047304754 0.29941272803628827
0.22695909225974403 0.30020897925505124
0.3030531737142601 0.3036431226769496
0.2566797842407139 0.3044629612517174
0.23303291039711438 0.3079245046157293
0.3109114831221371 0.313304556237186
0.2862162429965768 0.314328206144473
0.18060203852747506 0.31810532258362717
0.3194559429357634 0.320721776683363
0.10866762324403655 0.32111087282939615
0.3223376499172077 0.32349635770825724
0.30934925924461354 0.3238203664971541
0.22650080251899787 0.3272120151709338
0.25690306842660704 0.3309828178537752
0.19665647451410234 0.3312804140808345
0.3346180895565401 0.3346304506313053
0.24563162172045214 0.33712921907118804
0.23384417948517994 0.33917239349942263
0.28628480482754914 0.33987178873258667
0.2726544330838222 0.3439437210391272
0.2003311948530924 0.3446110426892064
0.33959989142033586 0.3455905473004672
0.26546728781796075 0.3473805178527218
0.3477921429984717 0.355950454062831
0.28761726409630006 0.3588236611892849
0.1383454401046796 0.358943670945437
0.35336834850373877 0.3641285299650261
0.32983781396801626 0.36835939835350745
0.3560412578573881 0.3691732443275176
0.1358572392441128 0.37091779597293095
0.37951588979624334 0.38059390196793513
0.37975811057580044 0.3823546862492953
0.35333670570875203 0.38524444942296004
0.38130955880521006 0.3866294930733791
0.38569816845585336 0.39010317388320587
0.35349555580457315 0.39082661245962874
0.30960367821941204 0.3948435044008806
0.27156175043151237 0.40496403043720297
0.4097790368850322 0.4097817806801268
0.40115789847470884 0.4111045118731588
0.07878602621385093 0.41179418736018947
0.4000057583990588 0.41256555752506324
0.19864021502838045 0.41278473008067973
0.2332446429519547 0.41612250810872625
0.4160773205603893 0.41755221673551596
0.38652130433307014 0.42257333569316335
0.4230760771750357 0.42360064390125546
0.43012900653769254 0.4302840648313771
0.43426193206534647 0.438601233686311
0.3490213474547741 0.4393950828336696
0.4384847621952047 0.44099671414331776
0.241955063488339 0.4521937249829019
0.45342495266039745 0.4575757654939129
0.40234401465040265 0.4584344158021252
0.36663413461944055 0.45871658283985584
0.23335939473783512 0.459178225897397
0.4598701674067652 0.4609985175113918
0.20579058586178425 0.46604919097448216
0.4592719562628451 0.46763218928802336
0.4672877055349133 0.46976984517290066
0.4736320016269972 0.4747656299001298
0.48380601906629617 0.4846219651641146
0.19603342915360708 0.49913994614284724
0.2763804538628065 0.5095038846496375
0.5080823139000439 0.5105516434759009
0.5229078098412072 0.523390304621466
0.519647975849862 0.5331731953986063
0.16363776515257691 0.5351415792606896
0.35678431622414863 0.5368699525853293
0.5479945646187734 0.5482405241067758
0.543328710644287 0.5553050278722406
0.5555324851583164 0.5559965956890462
0.509657672993668 0.5666661346551496
0.5765710600790235 0.6027443789256492
0.563451767918179 0.6044639765018568
0.6188404972578728 0.6191794743941125
0.5201052548157014 0.6217952088881307
0.5547936357187799 0.624303021468979
0.6238643842737791 0.6277394797428262
0.6227172446937002 0.6299339196441056
0.6151457353113036 0.6309950076226044
0.52758297325577 0.6322522886059598
0.6383264973553591 0.6383855959670696
0.5580826494402502 0.65891077884219
0.407268134722658 0.6959109674884327
0.6906401056514816 0.6959715501373349
0.709455051395409 0.7180314569122159
0.22095628386504185 0.7203081095533224
0.7175695160747098 0.7252575357645729
0.3534941620968839 0.7262252223725139
0.18377826157621885 0.7345912860960262
0.7355309347048551 0.7356222875626589
0.23006444592244885 0.7441079385177438
0.3527495077427135 0.7500635767259956
0.46910826158241214 0.7525246145981356
0.7391709764805494 0.7548804429651025
0.680971355828333 0.7563599088024879
0.30384012214688577 0.7581926107864179
0.7796897678058972 0.7864529784873042
0.657598603891566 0.8141700029763201
0.2825877121067074 0.8211175003005475
0.5755006216711214 0.8289377174604333
0.8685440180887687 0.8776531010674333
0.4154322577440989 0.8863888153921932
0.8744398395175813 0.8904671040334282
0.8969520424565058 0.9058912260772796
0.6171063615057137 0.9116471322083638
0.48657854139017936 0.935358234424749
0.27568601881099725 0.9437969941958875
0.5519107218129535 0.9682907577427878
0.9294399662523865 0.9811048585075743
0.4140330349166046 0.9913093109747746
1.0353671641942184 1.0401217915112548
1.0709332761120411 1.070982759230757
0.3892637528702675 1.082999767320639
1.0841730744035083 1.0939589687536226
1.1117461345456254 1.1121029765140118
0.20511180619724106 1.1170263247133319
0.22145019984383307 1.1296779717956946
1.1579158713267692 1.161152095343841
0.18880276901894955 1.2083160298603777
1.2282351658188009 1.2513046033350612
0.10810662271790554 4.000000137319483
