0.0002893231842760276 0.00036797639932621636
0.0005371611479739159 0.0005377083184819452
0.0005710163008040842 0.0005740127556164258
0.0005220176285737788 0.0006045268681670145
0.0011428265360804751 0.0011936904533557135
0.0013278749873300833 0.001424086377905538
0.0017694503433942047 0.0017696626456204564
0.0019376048380947395 0.002035461196384849
0.0022919626410144054 0.0023194224565896236
0.0025522795924055987 0.0027271276523532233
0.0028117146602100475 0.0028348252020343554
0.0026896099253849006 0.0028440689985479717
0.0028623443643225137 0.0028779385723774593
0.004068919052019368 0.004332718658383934
0.004360251164447308 0.004363757655001796
0.004386581603035206 0.004569335843403824
0.004583010343957005 0.004663442110742893
0.004066385565709432 0.005054269396137567
0.005667329716203669 0.005969858084655292
0.0055194744727400085 0.00607329406001421
0.004976419704898199 0.006083264481152878
0.006351992038069172 0.006375842868710508
0.005931659279003069 0.00658823995161936
0.006372637318854259 0.007360868378235766
0.006484668340580842 0.007800409314035031
0.008337245060318233 0.0087662645722179
0.008354354566748488 0.009029794719756673
0.005731762105817256 0.009220138134881433
0.008939953303535659 0.009773283181522402
0.008565349486735086 0.01014510028722456
0.010430661332218904 0.010566868971088108
0.011628451914001683 0.011661091417352415
0.01115341288745628 0.012158735025047173
0.009255680782724353 0.012303948256189115
0.012189402295044952 0.012339683994998088
0.012463771099877945 0.01289413243318319
0.012937787108742294 0.012944165142532969
0.010047466839095012 0.013064010596384925
0.014149866274847316 0.014151189234908915
0.014377475650448147 0.014418005539198623
0.01131645682255478 0.014755228487001837
0.012473612782248837 0.014925655815701978
0.014635731345125799 0.015021253833543163
0.015568511452648665 0.015756128857120535
0.012968473647980462 0.016115280213063844
0.015929634267087673 0.01614769155300474
0.01521682801399912 0.01636448043073678
0.006419720080149571 0.016867617477247514
0.016701390587798876 0.016914272552515965
0.016417863335586317 0.016936915210509704
0.017170751620821254 0.017594251468288243
0.01460189814786735 0.01790090466750217
0.017997438197861794 0.018086183041684845
0.017992367899411964 0.01816230472969741
0.018401527814372758 0.01846247013837901
0.01955749674151916 0.01956788748395242
0.019739829180961038 0.019749175019534975
0.016505502493847826 0.01984330931424967
0.020235454637602818 0.020326747177702942
0.019917290906184798 0.020338809382079666
0.013444573124827101 0.020465015435048514
0.020017455651060112 0.02071589958919694
0.020681555001109648 0.020726510258764805
0.016126198732252843 0.020762082303452972
0.020930664730605255 0.02100226086084409
0.01474012745097577 0.02104045563584587
0.020982644474377768 0.02110910530222905
0.01819883009059216 0.02192897760849029
0.019660337327633684 0.022271546850837782
0.022660016683696296 0.023003938171692228
0.019436175262906776 0.023231911831859648
0.022566449611133677 0.023269560396688555
0.023180819890190676 0.02331107432289623
0.018893167942251658 0.023539020578459507
0.0208279872129708 0.023683384514025803
0.011062187484222094 0.02537354445196431
0.021293412022614328 0.025378376149603643
0.024807986244442817 0.025422076270686537
0.025807313766329294 0.025888552929663338
0.02228596891973548 0.02604237663593914
0.02638630630132217 0.026755922115611244
0.02639492862929364 0.026837337509868896
0.018150548470388116 0.026960451396568837
0.02709575311754994 0.027938836965738862
0.02681617049998058 0.02832628628845904
0.02849554467971717 0.028554553774298077
0.024444081366588447 0.028575243365736646
0.028633856801728533 0.028781956929138344
0.026178780935674235 0.029417428669863778
0.030294596932278848 0.030841439268940334
0.031077381967937176 0.0315051724817413
0.02907887067146019 0.031524949242177726
0.02983356198297593 0.03185913790284901
0.0215235591569243 0.03232409026054574
0.032674888718221363 0.03268496996704444
0.02482889609425201 0.032705286113142835
0.031111936904509772 0.03350946005106108
0.03473186254542003 0.034733481298618356
0.034727555555585925 0.03496309242241532
0.03506469270040622 0.03512791692664002
0.03475401645352797 0.035138285520715774
0.03208672116888889 0.03574197287023144
0.03601563221213465 0.03602287402111937
0.029883166392104525 0.0360922439144795
0.03489196295284267 0.03652859218241068
0.034825075120251535 0.037042457379257966
0.03630271238080608 0.037112242730330126
0.0308808608217435 0.03724144223495479
0.03379240663329539 0.037820718313377064
0.03682542530178559 0.03866266921182174
0.03891470052833988 0.03914618923329721
0.03590225461778919 0.03920381025324607
0.03718931040960717 0.03941472315639505
0.04097490647323464 0.0410162485016638
0.036354884362934436 0.04119703207855784
0.01920993906566395 0.041338667817752486
0.03715304194666194 0.041480546424970045
0.03571476376076269 0.04228447970537826
0.03270678138572454 0.042858376631312534
0.04379851565022003 0.043798861639974755
0.03367565575380367 0.04382459632284855
0.04379875188344049 0.043904421814271885
0.032269578204864285 0.04400600436694076
0.04348565825697359 0.04401419796486529
0.04353267833056866 0.045743968527002826
0.04453066878096191 0.046561302095225264
0.04340619557482682 0.04731556045581295
0.04712072979793449 0.04737808192581696
0.04113861441189392 0.04742255672894502
0.039544922508611316 0.04757521845318111
0.04696536138008701 0.048387128719195954
0.04206563960833013 0.04843202228517391
0.04858550534601361 0.04870415121521301
0.04919016951450115 0.04934245769038207
0.042517196749150415 0.04965021307351387
0.04874310489318843 0.04965506009536386
0.03975812539320151 0.04969900389144847
0.049628064634400997 0.049728877279504195
0.04573428302937705 0.05214248505940358
0.048672242468196666 0.05238251603919324
0.05082822856651665 0.05269452977213795
0.046744821218149164 0.05299459193154651
0.046258191703992556 0.05306773580817232
0.05061244759748978 0.05324911569539208
0.025768430162715055 0.05437682955069436
0.04877266851669962 0.05458343786973546
0.05599724817838748 0.05606488835502756
0.04852127302194569 0.05684549274942993
0.038929060030094935 0.057760962354917185
0.05536323476282944 0.05829178702524209
0.059642743103289084 0.05965930220454426
0.0594237958453793 0.059685760486268266
0.04853609515342441 0.060143272256871376
0.05132941220462493 0.06110931608645088
0.055724869259797485 0.06190708762829835
0.05684657402866225 0.06197654480425456
0.0556993323189465 0.06303097432329695
0.06263372513228607 0.063594681991932
0.06151999887448457 0.06363282418915085
0.061899465356187885 0.06495733361063172
0.05860389769481159 0.06536415597350087
0.057750756051705786 0.0654042144789913
0.041987966346625036 0.06604567374735984
0.06180780105413509 0.06606673123719421
0.0667617945988925 0.06679892463190829
0.06680592820840993 0.06683010377193443
0.06742258161236447 0.06779628876952783
0.06305160719275374 0.07029431101751644
0.062033493980771806 0.07145791640429328
0.06679804403705976 0.07189322138336704
0.07226410025402244 0.07258672910283638
0.07289127603161596 0.0747729805166594
0.07507200738605024 0.07507224042307195
0.07347320986734891 0.07558023416343142
0.04945230637831006 0.07571024050498522
0.07426114443588869 0.07576395038830616
0.06888295219663315 0.07624250419929612
0.07628408478247412 0.07637048032728964
0.0684301981192725 0.07706818600528587
0.07712663985130976 0.07726942252059309
0.06269684700665168 0.07776630044307936
0.06194701303729981 0.07808416982283696
0.07003923295518151 0.07892801531541062
0.07372390679615393 0.07928734263966919
0.0763660560728133 0.07980857599119005
0.07867761165471378 0.08028707396325116
0.07973703429305466 0.08075692301493842
0.06961216296841884 0.08119261808823879
0.08105419701654333 0.08120123120353696
0.07090281083922709 0.08121454830524227
0.08043673368035112 0.08218134221803067
0.08219718960441694 0.08233418187462027
0.07235965436569752 0.08261711925127856
0.07843260054964495 0.08320105981379439
0.08313213682429847 0.08325367000097106
0.07840447120168315 0.08328946756332954
0.08302394539459533 0.08334924544784701
0.05157419346051706 0.08413960746106873
0.05319212480898657 0.08564392691149207
0.08080839941346066 0.08605057731067976
0.08634234738468909 0.08637661651216344
0.08195773437551974 0.08687811916476794
0.06889016709695771 0.0869084954847242
0.08695096250647896 0.08696629691741999
0.08138752933767016 0.08772286378609968
0.08458590946951428 0.0877255250430582
0.0880587806064872 0.0881369066717072
0.08771197159795927 0.08849591859149009
0.06620351792943704 0.08854360195324663
0.08843049417686596 0.08910064544217704
0.09076632253051892 0.09102273912192917
0.07882468476153531 0.09188310008648277
0.07089240812615544 0.09243317814005543
0.09298106305901253 0.09334915688315513
0.08161824969811342 0.09356723055641089
0.08327844294311051 0.09373831473389241
0.08024166818086986 0.09493126036992462
0.0762084423569893 0.09513025158818487
0.08069707389028671 0.09540418099039541
0.09548015051926556 0.09575384758229194
0.08350161781765669 0.09611443599341259
0.09440743364769948 0.09612369663910329
0.08572326015105962 0.0961549842145702
0.0948894285177003 0.09654818948185681
0.0949952575947619 0.09678420467222024
0.053354062125468456 0.09720087852820433
0.09533542944589854 0.09916626332045414
0.09736713292971512 0.0993778056991779
0.10091826266900646 0.10214557165858996
0.1017966386601375 0.10967150818392316
0.10983123559433781 0.11002231947967556
0.10998576378305647 0.11009674393147145
0.10487916941462798 0.11013546689872317
0.11057787012085976 0.11060184489525447
0.08007465708110165 0.11120029293923815
0.10816915744236759 0.11135224313166164
0.11059506680287925 0.11210942056883294
0.111839372843519 0.11274920959376335
0.10973264760573725 0.11341885296563052
0.11351234269957594 0.11351338876123035
0.11315302519732329 0.11373269093348895
0.10688318685584057 0.11381166750988667
0.10405047095159271 0.1140647776220881
0.04073424992847064 0.11479661172573016
0.11476919198512575 0.11522970690853189
0.11343096830801891 0.1154508961599378
0.10617871836682866 0.11585084789676013
0.1078072906938193 0.1166652268360227
0.10201806481774625 0.11765324313374692
0.1068094024850691 0.11782981165324684
0.11496672016615439 0.11866942923637683
0.119650314505021 0.11985064214521023
0.09590547742204514 0.1199369163348447
0.12012575785549459 0.12082413298733628
0.11456639111514005 0.1214343081529702
0.1127647013209658 0.12153551298453681
0.12075673167189513 0.12189241265913493
0.11640173695377501 0.12224779417842704
0.12311089014595633 0.12481149090217379
0.11031911062104915 0.12557864282417144
0.12160046980674388 0.1256213515697513
0.12619543566270552 0.12619931480872323
0.1082724725384949 0.1273116282185883
0.12024063633141312 0.12775498356036644
0.09467001344242322 0.13026218729163747
0.10107215828349728 0.13054823541619875
0.12961334682870962 0.13074092116037403
0.12706670743922083 0.13094104181430494
0.12664781695300917 0.13117779946046232
0.0717003647736704 0.1314197357518272
0.11921721749816791 0.13204550866570894
0.13171263541310357 0.13211394657637585
0.13095519598303695 0.13226126478491834
0.1163309177623212 0.1327518975802388
0.13272322535544917 0.1329479706465291
0.13224872118832734 0.13333817090505887
0.06453121137630706 0.13348681466580414
0.11617869452279622 0.13390648633201843
0.13187588801128236 0.1343339155368451
0.11099492727915317 0.13470696835276222
0.1236620618829428 0.13502753716899824
0.11962840088249188 0.1366697303209004
0.10483858108962878 0.1368111331109425
0.13785112859811638 0.1378812057998515
0.13838311279476045 0.13847029979507827
0.12360246798082437 0.13981431835048191
0.12776163468367494 0.14030001965522781
0.13979050456199435 0.14154264858476018
0.1382867329476404 0.1420813036307296
0.140625064568236 0.14268383985939742
0.1382358070995254 0.14306664157351046
0.11932414193364718 0.14313499732618581
0.10810181781320313 0.14380900620006726
0.14368421412781404 0.14414597463593753
0.14521761918663906 0.14532307522133464
0.12609492517824158 0.14557352608632895
0.10782769047089633 0.14632643285274538
0.14470337080471715 0.14738430155081805
0.14941953528497004 0.1498592730950526
0.14220905542080123 0.15030976638176982
0.08660197472136562 0.15247746269594728
0.13041946693136586 0.1530991901280685
0.1448962137710861 0.15349401072546162
0.10046257875649534 0.15375117531236593
0.08743746208707939 0.15403081619092474
0.14680860451569544 0.154829646766845
0.1552465583485329 0.15524771884808644
0.14879825743664407 0.15547589003982562
0.14962309623057096 0.15625109066538972
0.15279742235871424 0.15699209476324688
0.1332533269330064 0.1595815492629193
0.1616263746442658 0.16163210558422356
0.14779748784034402 0.16232329514775937
0.13507003788037028 0.16268555317839753
0.15994649322141793 0.16392767230515456
0.14242511943911834 0.16456272783480036
0.16437089831864346 0.1646768201021941
0.1628844279207542 0.16469278350195524
0.08057618035449386 0.16496389735255812
0.15791088865136663 0.16516269480126958
0.16416385113951712 0.16530516861636332
0.16449266603582516 0.16621911753028495
0.13181128835456915 0.16694783427990548
0.16649029128131165 0.16704820055727718
0.16540008501137055 0.16706222981423735
0.1555998299202208 0.1671175711954258
0.16804115779097575 0.16805091736205358
0.11898281103734355 0.16818798795223971
0.16880374946848092 0.16900449450904423
0.07106475269638646 0.16951156609600143
0.10635489537256869 0.1697913421659048
0.16870057838880528 0.1707187477768249
0.139323267954752 0.17129523580926267
0.1684963442141943 0.17134501171031588
0.1595065448393881 0.1717502889148461
0.15869736746259666 0.1729134268768907
0.1707765726840713 0.17299330426536733
0.17383564618041608 0.1739054562577319
0.16530226137447646 0.1739735021285198
0.16628926114143328 0.17435720084283318
0.13922066631579533 0.17540621420220376
0.16663949279360862 0.1760293660569827
0.1782785446303301 0.17901339336890074
0.1753222272875089 0.17907418482276272
0.17956523314225384 0.17963973049827758
0.17319586036993947 0.1796411283702584
0.15669548067423014 0.18138571901296147
0.18095299228423256 0.18200798880251629
0.18211973338074988 0.18216670585853492
0.18120365046706371 0.18236461101724755
0.1757408717818872 0.1837663540943965
0.1363501275926318 0.1842823121144718
0.13038510169570322 0.1845338315662269
0.15484211399821696 0.1846597563377789
0.1829090676579482 0.18600079570739203
0.16914325772972041 0.18758060461467915
0.18688128351419903 0.1885539408734134
0.08804903152132754 0.18978473504249718
0.1802405095693727 0.1903245270281114
0.17337442894514327 0.19126144438051734
0.1841222840140439 0.1914939986347102
0.15082141351774145 0.1915835522920341
0.19065249530022244 0.19242321652616828
0.1160750599522095 0.19253646951371337
0.11553123473646248 0.19298680581397654
0.192691009788932 0.19491862848913816
0.15943647745432393 0.19540439373750804
0.19830884377897007 0.19876613063319798
0.177238942649141 0.20019061507994854
0.20097209482255574 0.201193452123355
0.1192261073101321 0.20120643228244206
0.175261249301915 0.20158725094807423
0.13794557566313875 0.20192574565562232
0.19493319746833 0.2020889655120569
0.2028019740151579 0.20430029696218652
0.17968667002986058 0.2049432576675168
0.1276705355358417 0.20513038366334482
0.13465309716033652 0.20578407780876068
0.11793216337205756 0.20641921396728716
0.09927775429143275 0.20715991015662186
0.1825139205059166 0.20911655607051363
0.16377197406162095 0.21035847919535972
0.2081423232799774 0.21166036792975923
0.20468088432906703 0.21245598413132916
0.057137308725271896 0.21381944983353746
0.21477534702407242 0.21573856934247346
0.10289578755034272 0.2168000964062114
0.2087669046557279 0.21770927223182954
0.21863359549061387 0.21869741030123047
0.2228679111240307 0.2251035163029667
0.2255844254084956 0.22560401204341507
0.12873279256671685 0.22576278026424337
0.2052808233718593 0.2258437409775806
0.07384403367348501 0.22610014276471607
0.20509391936344415 0.22753947391939292
0.21682237748757127 0.22784396579845642
0.21238593396573532 0.22849626227403022
0.21735235526013308 0.22920038528564746
0.14037985218874902 0.2299964308634302
0.21736007336979007 0.23045183513622292
0.2184393394253857 0.23195256835955863
0.23299669010917637 0.23341864994939363
0.23275395278565178 0.23472371028279257
0.1097967088916198 0.2383614619780226
0.23511623933042958 0.23916522207820654
0.18855849493817511 0.24420384642551707
0.22157282223213962 0.2446655157267017
0.24866029603929635 0.2493579519112604
0.22326393878567058 0.2500004787513631
0.11191704570854427 0.25200241903950066
0.2533295574423541 0.25794134484979314
0.09675445895412936 0.2590663338227541
0.25878925214850546 0.2597456050333248
0.25623873774922024 0.2608919708914343
0.2378101619626382 0.26675857065322994
0.256403411378701 0.26905148636113013
0.27129706477508564 0.27340197408228534
0.18143903974347206 0.2764882344609316
0.27701633047443913 0.27702324217515556
0.15032443211778124 0.277822667524731
0.22445901523682607 0.2810751092097619
0.2779485455414975 0.2831657463963702
0.28309276078303075 0.2837435522171939
0.2608632234572032 0.2840594896314734
0.23690786414293202 0.28519045594298614
0.25072890764889744 0.2858496132841179
0.28757156937926276 0.2892923302488505
0.24440977964258453 0.2917225738744794
0.290486013650025 0.29229063215051043
0.2540619860791078 0.29474832111564214
0.293694798089947 0.29868486407340006
0.07571084262151087 0.30371429391252747
0.12210000871672536 0.30379036468867876
0.17930162927157073 0.30546715181648443
0.2755795679831617 0.3063520019178674
0.3023233900407776 0.3126684904992212
0.31081940975322087 0.3129345320047776
0.17230790170151838 0.31444101365219157
0.3137059838872836 0.31550408623907344
0.2967999179838706 0.3165333540749234
0.31284168600939616 0.31876912439957467
0.32157444394946927 0.32245378176587786
0.3272220085143444 0.32780198316767356
0.3278029462169889 0.328437647159332
0.3297265409233884 0.339423983872953
0.15696911370123115 0.33989138000725555
0.33638702063133596 0.3403139544864704
0.33894077614407386 0.3416512434846812
0.31307279636670243 0.34698234353435903
0.35107680652415385 0.35577333352350426
0.324813013517747 0.3569973596241467
0.34387698282774487 0.3571202917927567
0.3197605302172706 0.35904079576560943
0.17906667143096122 0.36376598054065734
0.36442687461688994 0.36443476304017525
0.3656987185525463 0.3750868441005112
0.37555160593815773 0.3812578553329678
0.2062828247234122 0.3880736134583319
0.38759237383190526 0.393150056891062
0.24031461684081448 0.39458900920054685
0.3953485428453161 0.39535002870322805
0.29166420323700804 0.4078040522844718
0.3868765117362039 0.40861345705681923
0.41297826759334894 0.41923491075546204
0.4249146297630216 0.4249343007614195
0.31706953108800556 0.42804349462918595
0.3093300057224135 0.43780333021363266
0.43633990071443296 0.4401846869684026
0.44087327799657483 0.4411247507233119
0.4424918385374751 0.4425094781984505
0.4373572161792009 0.44321219904747466
0.17782366033345928 0.4436215396005855
0.1246043837437239 0.4558616717616048
0.45509047060207786 0.45945116868604896
0.236766420219433 0.4621630858869224
0.3473065134449964 0.46282534111177787
0.45806987696661455 0.4631920758894631
0.43599124741501544 0.47089624254592105
0.47992420443549505 0.48712367009250457
0.146218644828669 0.49372573431545347
0.4834520022379698 0.495100800340456
0.4246001705696902 0.5005752619954588
0.48982641969872437 0.5109632413703181
0.5092792488279747 0.5148676022881978
0.49744949642381747 0.5162009772471869
0.4962804642943714 0.5200829876297602
0.5253954321730763 0.5265170565445957
0.20469383512528982 0.5268130658234108
0.26399506465200706 0.5488885666733826
0.16720297684074134 0.5509964657119337
0.4975435565907907 0.565497789154642
0.4601750655700937 0.5663793718130775
0.41583609304944447 0.5822980394420982
0.4071740201284167 0.6016701977138045
0.6071684615488904 0.6087026564978936
0.6090675792815539 0.6097140928337085
0.45497018564062663 0.6127136642635758
0.22490126279064437 0.6567785774007752
0.6501091664347537 0.6698337488824667
0.24223588637598867 0.6714349000172973
0.28726456861010813 0.6759346517109579
0.1665577824047611 0.687634937416785
0.1531626134417543 0.7118659036269506
0.1216557470490547 0.91541876297574
1.2990857833701315 1.3186294753201886
1.443566488301292 4.000000576317467
