0.000294608039908317 0.0003053406948975579
0.00048131518702947053 0.00048150400233319766
0.0008465955531518664 0.0008763313156506655
0.001228292393894742 0.0012310412578176678
0.0013082006187425223 0.0013302860698840703
0.0012913527497953182 0.0017386403103141585
0.0018379168147656675 0.0021987159486922055
0.002237726800712662 0.0023666350294450403
0.002373343571378624 0.0023740506065191075
0.0024455318029055796 0.002482880700406003
0.0031377912562670553 0.0031998188361253136
0.00246714052321998 0.003239566406177391
0.003202549793328977 0.0034791497988875012
0.002990234635196977 0.0036557171129256924
0.003740381925276549 0.003821398024526097
0.0028722629969418646 0.0038959380150505817
0.004182267373868647 0.004199983323138351
0.004138574564585163 0.0042148006798592786
0.0027680131745705058 0.00442003092985376
0.0049238744571331065 0.004940095303557381
0.0049410075915357725 0.0050509789613486745
0.0035668715810639943 0.00508286241242154
0.0034637689411868623 0.005488291426353895
0.005609195869576857 0.005648094072369242
0.005411609824813505 0.005711656900979403
0.006569037544935878 0.006572933080636761
0.006361852664319047 0.006728813609170394
0.006891225461595507 0.0068937956400996385
0.005123275453423691 0.007141124633004949
0.005324625494527995 0.007141442525813293
0.006278319263942247 0.00782151750666639
0.00784799652726819 0.007958525787353876
0.007324142267933726 0.008012583287308991
0.007026573961820745 0.008128168513815606
0.00795512208895487 0.008156313775262882
0.008330482913406817 0.008359274894543413
0.00842758786975491 0.008470178952799055
0.007292884649794255 0.008492123279388872
0.008702510939917502 0.008750984975971246
0.009219784508720625 0.009337757841440576
0.009216327256515167 0.009453302329294555
0.009974420336616113 0.010006052296624626
0.008814590876922915 0.010320146586226434
0.010316212941466407 0.010378090265426795
0.010242602347200203 0.010554103595932656
0.01048039045612614 0.010587565721384376
0.010706559758040426 0.010758289400448028
0.011579720900586895 0.011584275200585296
0.00751271264352507 0.011619805724067369
0.0115782064147086 0.01185792000427016
0.011884445717973077 0.011953953067737997
0.013112150412637706 0.013164757904059554
0.012832732074410512 0.013257903716692254
0.013091961338197882 0.01334231192290368
0.013338956798171092 0.013347348058966632
0.013224393244346029 0.01342536698457602
0.012675239604114447 0.013512133771939933
0.00745743478823995 0.013620678774195741
0.013681819195492734 0.013769380148243922
0.013449295695636191 0.01382863329069909
0.013071075398835685 0.01393470654517968
0.011676543252535369 0.013946781369571747
0.01186896007731373 0.01407511112365034
0.012295543985449159 0.014705785098567948
0.014796395503786652 0.014871651969201738
0.015101856620939151 0.0151462317217695
0.015138656002584811 0.015323096477612427
0.016112323713803504 0.01612404852810809
0.015727658687855983 0.01630415051130863
0.01794711182671085 0.018112023555290204
0.016000575158336323 0.01832542953415506
0.01802443988408126 0.01835030596658689
0.018770555194064883 0.01885361122094968
0.0188267539672011 0.018882614285131993
0.015890845578031745 0.019181184029309004
0.01649555408513842 0.01921713299897448
0.017600098061518327 0.01944342392797577
0.016977444448089678 0.019678545172451413
0.020347132942563247 0.021001546950649073
0.018302908663073672 0.021236857035371044
0.02123037462897656 0.021392714439889896
0.020396506822141516 0.022078815570670686
0.02008885047089237 0.022296367450977017
0.02211733587809915 0.022759119116053033
0.016158740980595877 0.022942877610087786
0.020798207515241397 0.02305281864844604
0.022043754110986163 0.023536152258337866
0.023243917965581302 0.02440318196516188
0.024458870502863477 0.024459363741189566
0.023600827914865896 0.024521548627269112
0.020651065883692112 0.024896312432373863
0.020412108113272872 0.025002777103717615
0.022649609378751465 0.025008681873011543
0.023495243862194815 0.0254956392439912
0.02373788346416073 0.025582980768693163
0.02564342179858617 0.02621871853340966
0.026043071963228658 0.026224681526235343
0.024497218785362346 0.026630150520862577
0.014325631717656013 0.026727620274992217
0.026557783115239854 0.02674103768900825
0.02197599289130898 0.027271284365583223
0.02667062861563975 0.027381872777297703
0.027204130259865636 0.02767781828324046
0.024481399348520238 0.028222312057554898
0.027980742838786946 0.028250175738952346
0.028327843189568658 0.028335855982168697
0.02782919261217689 0.028551695677407757
0.028833489614958782 0.028835411591461056
0.027487440738274777 0.0292517079441056
0.019187330920253987 0.02927709790956751
0.029112077892029378 0.02940872952053211
0.029554794620309827 0.029579284261472213
0.026137656825113882 0.029947431664242262
0.029822439985723016 0.030062310674161083
0.02238351841336435 0.03134795114157758
0.031879732710519464 0.031994575118654695
0.031998608677193036 0.032142079674201525
0.020878596273748086 0.032152806392124096
0.03212927020092613 0.03257261121445807
0.02974209570680785 0.03292978612480926
0.014649982042488352 0.03445511542082827
0.03530280855892493 0.03551797101819549
0.03426334741158929 0.03558000534206
0.03450448617018355 0.03575138248782572
0.03385539290628171 0.0357981884878379
0.03278572714544435 0.03590838865896619
0.03631482485300902 0.03639161470938866
0.03707157561509619 0.037073377678843174
0.03012499711685048 0.03740386463735306
0.03727272164415312 0.037464943009292366
0.03744531002026235 0.038300242044816406
0.03805503103305764 0.038341344617140796
0.03845078060942047 0.03870697393375072
0.039597209990997806 0.03959730909367213
0.039721913387676014 0.039762715555011194
0.03549675349278158 0.040053412365935515
0.03917387980804283 0.04019103261521917
0.03851141684026673 0.040619698739188435
0.03772014837228952 0.0407371928957874
0.03869622176375131 0.04094280017101065
0.034477363400630553 0.04118923362413422
0.03760351920643689 0.04173324097002148
0.04011723540869862 0.042321203109514885
0.042574160757554255 0.042580739830716925
0.04271323010868086 0.04273308795465793
0.04187909153035391 0.04320347804715103
0.044441137927183634 0.04447133779240351
0.03750199859316496 0.04511628818435921
0.04532206722756852 0.04597328149860856
0.04557826844448525 0.04618857044337148
0.047280684512219215 0.04778962797022838
0.04755891125954781 0.04845211433857561
0.04472956180613388 0.04848674312869424
0.04761609512782351 0.049351084084125516
0.04944991646735282 0.04970238570693825
0.045776728605517805 0.0499792378646402
0.042585868305084124 0.05232451845483216
0.051593129447339875 0.0525661783208829
0.053017987557912004 0.053119792870222844
0.0534661409879187 0.05405583448138619
0.05471983192815198 0.0550448912017416
0.05166678624009865 0.055839738387022414
0.05271686492199002 0.0558531296391789
0.047435805896973826 0.055863885242893596
0.055462129144095464 0.05602868609204467
0.05591777040704164 0.056166889485654015
0.039794706376003255 0.05671393816832423
0.05667701163531349 0.056842476794850647
0.056095087598669685 0.056971519847282104
0.052885724034980056 0.056988871266450185
0.0515954098895045 0.057516470619309035
0.05035179140978932 0.05776128267737481
0.05779016863156972 0.057827219456559276
0.04667126490234631 0.05812323389495419
0.05733920432500346 0.05830618738670353
0.051248726207222935 0.05859042800642709
0.05859835341441808 0.05868527902035739
0.05866206638629306 0.05883464124881211
0.055683714178628635 0.0590683226797328
0.05907563258956781 0.06042861652885552
0.04905570042240763 0.061553320217290264
0.05721715744699232 0.06173704493892716
0.05989682242497422 0.06192523036915863
0.06189580777906885 0.061931086068129595
0.031718726635035235 0.062181355426531915
0.06052977147637816 0.06244469947277608
0.047962511370733284 0.06328126008001445
0.037623728054131604 0.06425100327999288
0.06390102248457658 0.06452272426181095
0.06318620057786868 0.06654970103126825
0.06500322742208196 0.06731520762725639
0.06608839784916098 0.0677525075983866
0.06511350241028736 0.06813100555144416
0.06820532733889707 0.06825047695718836
0.06793305031254769 0.0693163974281719
0.0690816509139962 0.06949742077783828
0.06394905061999512 0.07019447199320435
0.0687338083770055 0.07025385494744368
0.06656248221127845 0.07038324671731945
0.0711658031586827 0.07116918139320046
0.060712291881910574 0.07135579507229263
0.06895024165438589 0.07157098137428698
0.07240210755548047 0.07251203755349012
0.06522966700261565 0.07271490935525024
0.04296970133695156 0.07346596261871881
0.05399613440116406 0.07436389833556198
0.07188330009065629 0.07438408073988831
0.042636180276844286 0.07564496886720787
0.07240279580627901 0.07568800825113689
0.07505549105383728 0.07631661231827544
0.06560723964369988 0.07697272353647408
0.072566226850688 0.07719608626151217
0.07783134749991981 0.07787338817577305
0.076622971073099 0.07795275455043037
0.07792285273290737 0.07826750518155631
0.0780813275402138 0.07854977874707542
0.07813202188242829 0.07935715920332687
0.07652529943878854 0.07949621548574022
0.07135021427023269 0.07981630013204793
0.06341406988349155 0.0800609791554865
0.07842428791990615 0.08008348689225875
0.08116314201750377 0.08132184503789266
0.05767680762695187 0.08215189986300547
0.07763237913230725 0.08304921650557405
0.06857618353793252 0.0830714813509153
0.059199743360939736 0.08324094571768209
0.08170465841426064 0.08339311682810412
0.08109955127351463 0.08355406065159299
0.08383193481890085 0.08441514027819505
0.0717091204815356 0.08573644992039614
0.08415036180993934 0.08592164897994248
0.07495900198121205 0.08631615383937719
0.08595428976047348 0.08640312855194235
0.08581775866412303 0.08651697728440345
0.07648439785078083 0.0871874006466526
0.026739610563717753 0.0873569743867034
0.053477699645442904 0.08738704663159097
0.08743424031262281 0.08743473255623947
0.08847380123587362 0.08896234073645046
0.07980454998970621 0.0890036444648442
0.08837302005819138 0.08915939442662062
0.08731882395434454 0.08952655578151177
0.08678171851527687 0.09053783115722715
0.08990075783183397 0.09101927387366414
0.08360914466377099 0.09227271613576549
0.0512651082134723 0.09261370433880556
0.08704562310245459 0.09311626418361005
0.06798783391362027 0.09345750574131707
0.09048536768267934 0.09370019840740257
0.09060980369355971 0.09550851552521303
0.09544666840169805 0.09569579350819384
0.09562322252601903 0.09581598579294799
0.0968060347626528 0.09794880983141986
0.0958089040308862 0.09797012151179507
0.0915857342600638 0.09824748726779962
0.06432651350092075 0.09897824650394166
0.08057323219063327 0.0993761634645985
0.09739630721037261 0.09985490868972327
0.08690633083617783 0.10047523372013949
0.09623714853356147 0.10128295612084019
0.05033377329694113 0.10137713409275555
0.10067316765899537 0.10197362035068695
0.1019966901862378 0.10246135186384123
0.0945678837019591 0.10312931602104118
0.10465693469196019 0.10526063339038744
0.09945296972280034 0.10550009251609783
0.06305183206148374 0.1070287575441593
0.08050958757327338 0.1075748418692683
0.10716147857088312 0.10775863263905609
0.10798953295535708 0.10833693269478069
0.10851823738948933 0.10852962344163553
0.10875530882170598 0.10876408831581866
0.10439284475665157 0.10930678377524916
0.10954037505222744 0.11030205396802946
0.10890628218013246 0.1106199740260847
0.0865639164183308 0.11094696585922881
0.11000905958576544 0.11156406113678437
0.11308429119348765 0.11320178298586496
0.11144626313105047 0.11327942335866073
0.08416138298413141 0.11440164507477203
0.1119921408907102 0.11450555085791635
0.08835696765546418 0.11537347006572217
0.11472119679750255 0.11555040936461212
0.10840625424257322 0.11614221784582561
0.11520545384123516 0.1164476389083521
0.11647268238550636 0.1170751073930413
0.09787654502480403 0.11769442168526527
0.11511333230302939 0.11980885088172297
0.11965458658366776 0.12021954113624193
0.11433164994496109 0.12032687822369148
0.09725873420577051 0.12052722341974494
0.11475955392375334 0.12084286940819931
0.12050582210627332 0.12187084189756332
0.12158176476160053 0.12253214329435962
0.12010481708989196 0.12341787945948883
0.12426658095392375 0.12426862216591852
0.10582718533608894 0.1251011199970514
0.12510077031378827 0.12526320012671435
0.10237051962888008 0.1256048126373447
0.11831286023800924 0.1260305577853484
0.10232798722325627 0.12685462714160703
0.12687014247253936 0.1269919383567624
0.11245043748546182 0.1276427517375155
0.121682367929568 0.1283141102804059
0.1267741709708084 0.12880975236845796
0.12650852298488555 0.1290099502325649
0.12621286622058495 0.12994106450717346
0.10473483482606367 0.13024540419434155
0.1299453780420106 0.13039718815339899
0.0771120069708931 0.13093129861748704
0.13034998168992037 0.13105758797784717
0.08131033909124147 0.1314793675852357
0.12590686816902127 0.13279311755735113
0.13266096740713978 0.1346945597358116
0.1328935786769277 0.13475057789697575
0.12570213796524982 0.13616305189507022
0.11818889412738533 0.13654710939512688
0.10691888358140826 0.13656148673808904
0.0700839546508405 0.13726174671785543
0.11864564403150821 0.13798794172845588
0.09705583139644006 0.1390751661030822
0.12124838242505312 0.14012839624943288
0.12604477412792936 0.14041651134485522
0.12475081179443281 0.14183031145652153
0.10046921910694029 0.14215708338582217
0.11722983073863383 0.1427336500069007
0.14275936853131346 0.14293336759153827
0.10469247909140575 0.14317831720621865
0.07643847137299219 0.14558246639570627
0.12004572312222019 0.14625327268796573
0.11957807934475623 0.14659023396131252
0.12746537501537233 0.14679910972674748
0.13600440548411957 0.14792966531185228
0.1491229985785241 0.14913866638368245
0.1425008959656411 0.1497531089346279
0.1497770276907732 0.15091262286886525
0.07272643014896449 0.1510744048162273
0.1148081792328797 0.1517934798970798
0.137970490427663 0.15428706414534998
0.15417173462112432 0.15716568769076852
0.15617463668578926 0.1584185049721892
0.15864694811215127 0.1594858296433019
0.15900933878064746 0.15988272612279852
0.10185709077407845 0.16150171089577467
0.15990069670071114 0.16268402131190893
0.1582053348342638 0.1638256591128882
0.16262255051407237 0.16469458358996597
0.14709449137301137 0.1654787949737768
0.1654052012610379 0.16553804756264884
0.1598666802792567 0.16566593892787235
0.16516554997375862 0.16611588038407987
0.16455233368884134 0.16625003871413271
0.16546809063232393 0.16794097665377736
0.10788634168539554 0.16864673990246534
0.16844568986572267 0.1686612202875546
0.11386494313308776 0.1695302665044959
0.1670349985930806 0.17211174245917185
0.17468078850525265 0.17499449163302325
0.1713051647697891 0.1756676856402854
0.0911563755964918 0.176343381318464
0.17651806113864557 0.17807322611131438
0.1704749327479162 0.1782748995505668
0.17573388735081036 0.17829403609554503
0.18027836809959236 0.18028190814068595
0.10869814952829099 0.18037708037409228
0.17605578823181814 0.1808845540079515
0.1810695300314784 0.18152917835021556
0.18193729050974167 0.1826944326927788
0.10515299344121957 0.18412651722395668
0.12873783440697575 0.18508213043522806
0.18240271786590345 0.1851506084923894
0.18638593727338 0.18785885764316074
0.1727725172975491 0.18846607906461946
0.12163322386614242 0.19018117400901285
0.18970984332214424 0.19045711260336615
0.1762556860785789 0.19089706910757323
0.18600871727355572 0.19190127498833723
0.19192043166118994 0.19198283965284713
0.19394397355202422 0.19488735004174476
0.18346958861021803 0.19555111435246478
0.11431801876127651 0.19676112337444535
0.19546649107045289 0.19725168788769012
0.19302222052469656 0.1974725589077645
0.15968017914137683 0.1976860162456378
0.12441409610608756 0.19870477515633495
0.19511050486814507 0.19877431300429926
0.19547217894750032 0.19993156016834168
0.20290728477729209 0.20439870456241366
0.20258871137874612 0.2076386785594019
0.20897756446771276 0.2090997054063312
0.20158660945030674 0.21153318581584074
0.08602013232866192 0.21429261011248008
0.1898783443597547 0.21719126916421025
0.20418417169404296 0.2175283607968386
0.18825281807080055 0.21901636040850853
0.08782630420669708 0.21932735935774084
0.22234695824606499 0.22301708876377765
0.21852692409466398 0.22547068630640466
0.22546275222200252 0.22553776135424694
0.1915224587532455 0.2306383593657277
0.2279796513778721 0.23142519363352448
0.20718378616863636 0.23355400546113758
0.2276403726380065 0.23384845495704615
0.23394214587101067 0.2340445468372431
0.15603180863915717 0.23548681108257835
0.21493312650214091 0.23742097118539657
0.18361371793042047 0.23851863166799783
0.13687538085661732 0.23896737494003753
0.23270072796256228 0.24084743672714948
0.20417577944850226 0.2409230209939683
0.21801979748469408 0.24194246501421698
0.24187634707023678 0.2421114623342343
0.23711725173979115 0.24622925730628373
0.14669032758071632 0.247114799589058
0.19356725227628918 0.25108852081543637
0.1639728926257448 0.2530927322285422
0.0944106492352394 0.25403574726945705
0.2537089500838391 0.2541692437442362
0.23420014650377283 0.2557317387866322
0.15627432101149663 0.25710565731475327
0.24896266502556144 0.25878657368474595
0.2492371098337623 0.2605796974554755
0.11028991411649117 0.26105427147896565
0.10436240937242644 0.26116273716014765
0.1873281423936448 0.26269353926102923
0.13734907213360747 0.2627006064070156
0.2511342423794007 0.26562562853543936
0.26560462433921167 0.26671606049571267
0.2604173210402797 0.2669609897928024
0.21480803591311848 0.26742394209432935
0.1361502376490325 0.26762236175059256
0.26310062152658514 0.2701292771596182
0.26692716385818843 0.27211434066461027
0.2572025420930673 0.274162457543138
0.18815447962135914 0.2751215336843039
0.27507992726904623 0.27541529108732876
0.2556029912712792 0.27552204444551903
0.10162302492672182 0.27876031009694796
0.15672317374312217 0.2792762391967937
0.24708107256444778 0.28031985424571665
0.23536117724014094 0.28224650530501566
0.2030499544532763 0.282894648107891
0.26516045839284497 0.2846650454893638
0.2891408900461722 0.2891498404312044
0.24856874723371253 0.29333758787195435
0.29365635850582716 0.29373564419298476
0.294752911416267 0.2953747391859703
0.29875692631588585 0.30515652993479664
0.2843013051507503 0.3057030646850505
0.15199760484092545 0.3096501221673663
0.13271793110806168 0.31054579219056766
0.26048294074994294 0.3131723688905071
0.13337889798154165 0.3155426367449882
0.31360250632061376 0.3157467080875297
0.23890381670915145 0.3201593612152169
0.24714520995143663 0.32912073119608287
0.3463709705980867 0.347809150008277
0.34137465111912435 0.3489631790181555
0.27906500013137037 0.3583507551930757
0.24131697900672974 0.35917180855366715
0.3604605701524699 0.3605565276073091
0.3653690870719329 0.36577274172626606
0.1482957417442718 0.36619213963953495
0.17485765986134055 0.36805653110298536
0.36809707598060515 0.37153456644904964
0.38047502097136016 0.38047953207320734
0.27077713414655274 0.38134691016591016
0.16181064018180893 0.39822843753003256
0.3984696649044985 0.4020789195963232
0.4059734412370183 0.4078980781409658
0.21585341257727234 0.4128634443523326
0.1957147836055177 0.42475632645992856
0.14208026964805281 0.43367107174301667
0.2897363960427726 0.43808202392152146
0.2736040598406781 0.4460446910350517
0.1988226907719943 0.45531003356629085
0.18901021094353843 0.46871561416721613
0.15628004332574064 0.48196661285725356
0.4730853068124207 0.4878633603547751
0.15400011884006762 0.4894849709930036
0.34002412771453294 0.4991156840154619
0.4768289692874401 0.5120234263923803
0.21298366229699178 0.5223822172598265
0.3608958933545936 0.5230933629330375
0.40354269759322414 0.5309139214320735
0.12357279179175207 0.5446673802508133
0.6101137975857978 0.6112508088536063
0.6171466924233109 0.6175012608710375
0.1347741910874252 0.6634987510232181
0.1583612883837268 0.689559300121418
0.1194620573897319 0.7308746673184038
2.59871399131019 4.000000121698275
