0.0009705603621368237 0.0010224904444284505
0.0016797630505234898 0.0016814739949570865
0.0013008835260033692 0.001691628795942845
0.0017767260369312035 0.001784787095871755
0.0016224112553120497 0.001790667571818585
0.0020109810724453477 0.00202080712755013
0.001802913245061883 0.0020437159868599525
0.0017999534539588293 0.0020662404882177856
0.0016467332674138058 0.0020674669232612535
0.002814008584533007 0.002844144830453108
0.0030618048914255232 0.003107239917404537
0.003244667073250212 0.0033950848882750373
0.003451236150960607 0.003482617446055122
0.0034874703206747297 0.0034938674124883324
0.001999872449241917 0.0036828564307159043
0.003508710712258104 0.0038361374210150686
0.003990334209110177 0.004074785651801252
0.0032327603493367708 0.004175718348838413
0.004328992737023012 0.004331451372901883
0.004275065244596952 0.0044741409026388896
0.003527527631167715 0.004503698444058064
0.004902170467639313 0.004905478407530679
0.0037049928414693385 0.004971926897561033
0.005167286314184469 0.005189535019231796
0.0048907965897663054 0.0056985595568851445
0.005341310712817577 0.005956396827795325
0.00628613569890598 0.006340605911627124
0.006569120358248329 0.006657393004245941
0.006760363265132834 0.006813934491645776
0.006536928353305258 0.007793616781652323
0.006284233150862652 0.007902813738725298
0.00790486415331048 0.007912315637145194
0.008056790965257996 0.008221662429506074
0.008769967121609067 0.008825365125363614
0.008832267558838038 0.009649450965518452
0.009275260450454214 0.010489756805407454
0.01076566260341926 0.011298816088867103
0.008548175335210724 0.012498590202124842
0.01185771325565843 0.012613525158579546
0.012581719059743887 0.012653379358558377
0.007868924385606858 0.012753693696089575
0.012075513027351794 0.012775839584757568
0.012355265529252112 0.012888145248200804
0.01201892136252018 0.013125536942276913
0.01363133643734624 0.013794562051800864
0.013552903618604503 0.013859632386246684
0.013885269938679794 0.01394648770988846
0.014887141471463482 0.015066791401027287
0.013392764876189314 0.015419143543135162
0.010941376693784673 0.015557376626198969
0.015583403618922338 0.016494627191778334
0.01646500197141971 0.016504200583592678
0.014197857768759946 0.016843200772078234
0.015378498921214049 0.01729997841933365
0.014566525941060126 0.018033322191506395
0.018477499756178253 0.018686053785086327
0.018433053122902807 0.018978124968964265
0.01656416886789001 0.019030617954773597
0.015641498741285786 0.01922583953645579
0.016724780973592028 0.01933648629001597
0.01961715333282696 0.019847480159226962
0.017943693671254164 0.020004354754392543
0.020307177669555802 0.020373154585189495
0.020522873902384334 0.020595216194313554
0.019364843581694054 0.0207151910174687
0.02079182508564269 0.02080056369845069
0.021073638830289856 0.021119786574964317
0.021217497803987875 0.021217935964976245
0.019066729919165602 0.021903667466117712
0.016905388129246725 0.02232243481091742
0.017534234958646932 0.0225931347088622
0.013368013330799646 0.022837421885847684
0.02172151030252773 0.022868226748678666
0.02301995736546857 0.023024013490634748
0.016473815019005744 0.023140506209096436
0.018623460140538086 0.02315919793673936
0.023059746677003577 0.023296860227591146
0.023096336090315167 0.023334999176192417
0.023347174813816783 0.023879841021701622
0.022266888318123117 0.024183152639844836
0.024013002262816434 0.024302825971768152
0.024094328161219696 0.024385927711789494
0.024252119500993354 0.024427439665368342
0.014263481273571382 0.024469473451434114
0.02394918898773567 0.024633893735022637
0.01935887486944867 0.024785894390608562
0.024170493033311452 0.025227201348001268
0.02539497889612684 0.025471605835155457
0.021922202240357635 0.02607325822116813
0.02360597419243307 0.027075725239602347
0.026685711142715375 0.027261251544015958
0.027445086103537714 0.02747415035285217
0.02647297460039258 0.028223255854976235
0.02546589528969278 0.028394546726568194
0.020014786240631806 0.02854471066745414
0.025432520486468248 0.029052686147435544
0.023030563968667338 0.029379124144056707
0.029329891195857317 0.029745583861144505
0.027017307112089075 0.02983418837103185
0.02779892150759297 0.030452895185983913
0.030417254848313948 0.03075428135575315
0.014765779593313148 0.031220111632360048
0.027488888993536367 0.032373720318023436
0.024777611405719633 0.03324885925573548
0.03343249055049836 0.03348912510210975
0.03461465413297051 0.03462263204987735
0.03389760526989471 0.03520552716907756
0.013014333027932687 0.03553645688759752
0.03036756210753321 0.03559653186860986
0.035609761365238295 0.03565603919309
0.03644380274333815 0.03746516962161963
0.03613278512355682 0.03805044465779649
0.036847017607206274 0.03806747456902047
0.03544313245410612 0.03839098949397652
0.038437525206751394 0.038924799059428784
0.03440356962823951 0.03916551568337181
0.036624829806717864 0.03923392412856091
0.03796431091062216 0.03934053567218879
0.040421894126527226 0.04061738713935505
0.041195612590654296 0.041199071106274854
0.041508233700319856 0.04223178336350155
0.03359249034237796 0.04261334289236556
0.04339931895161152 0.0437497056285422
0.04087960457264877 0.04387234368868515
0.03321282963066706 0.043928158672111424
0.043220353781756364 0.04402486442692765
0.033392030805997064 0.04404258671172234
0.044050667382718206 0.04412703405340459
0.044257508586971084 0.04428919533822133
0.04394526058145801 0.045287402673351
0.041348841888947226 0.046947831630968474
0.039398744561166835 0.04716719839475628
0.04661331382742543 0.04763640321793522
0.04361688114678199 0.04807584721577432
0.047726269021660654 0.048092533782244054
0.047880907583853244 0.04834623831242871
0.04864400897545662 0.04891342779688862
0.04928753584574975 0.05001821653776454
0.04534566066763599 0.05082016057188739
0.039761394972035825 0.051449947323081766
0.050929755983256914 0.05145248618904233
0.05133453906479036 0.052058198233371884
0.02725702808840338 0.05215273880711684
0.050429682576003936 0.052446555450642356
0.03708619854342294 0.05270681182843863
0.04631572183138012 0.05292631903758709
0.05411199506964148 0.05419276037879734
0.05454659845098429 0.054605034879157695
0.049530404242171776 0.05486043778736487
0.05518930529198675 0.0551933169586204
0.05237512249652474 0.05574784850238517
0.04884716361264291 0.05588475915803754
0.05113888400463295 0.056362170690623874
0.05635016359846208 0.056514853891081566
0.051905530121149186 0.056766544943723365
0.049849335551902726 0.05698868663448763
0.05175756728961573 0.05727772426722014
0.05495496660578082 0.0577970380135941
0.05805187620222196 0.05805269772643776
0.04869510055852602 0.06029798415531544
0.05602824200950161 0.06102005402162769
0.05456263568644541 0.06105133014564458
0.058071481310503145 0.061471157031618526
0.06250161467297663 0.06250374614232214
0.04120556517467206 0.06250815019171897
0.06275148846141598 0.06283926437673122
0.06240518662874093 0.06390809714561513
0.06442017455658229 0.06465804014142428
0.053108620712668114 0.0649436252097922
0.0635771849006212 0.06539632727891753
0.05805735122460037 0.06541214604511858
0.056863405545471424 0.06543140385635057
0.05299647444380385 0.06584852258765159
0.054836291282146225 0.06787526087618723
0.025748484669176855 0.06839145440127842
0.06472689598990451 0.0686526907613203
0.06828367997822198 0.06913147170979946
0.06843331534294773 0.06963994365441939
0.0673202669817385 0.07003617198812816
0.07033562487163185 0.07036515078881576
0.06887789386818068 0.07080598079605016
0.06833085528649432 0.07161655220247476
0.07228485441380983 0.07292900890056699
0.06866094059863048 0.07346806935909958
0.07376424175602199 0.07378521574285146
0.062100667746061065 0.07477998824783376
0.06073966405960729 0.07557314690414149
0.07489968601476618 0.07673931582840467
0.04706260319936768 0.07706769818301866
0.07686479925205834 0.07745689993798832
0.07673812583177089 0.0783405996745064
0.07733655876617948 0.07841204304984416
0.07449449173582377 0.07847112091763103
0.0737781004767575 0.07854754122740959
0.070496489031569 0.07944291129451629
0.07982169987140214 0.07985819944487435
0.07304194348004173 0.08064137919876406
0.0744662544045709 0.08074416606879982
0.08139405014630478 0.08169345219667014
0.08072893675828377 0.08193964227771054
0.07238203881566745 0.0830735866928614
0.07862438328402617 0.08327892622956312
0.07735624575181183 0.08399128909255747
0.0762553949514362 0.08466960310037669
0.08401747211038883 0.08501883592147853
0.08624882870001571 0.08712179499434212
0.08799344398106439 0.08801576679260927
0.0530075617133926 0.0881110856979785
0.07777419310207756 0.08842192126645487
0.08491134434845786 0.08883095826856313
0.08798659685542967 0.08901924181633408
0.08573614329402576 0.08967704898952651
0.08863519540377181 0.08984122574457576
0.08997321630354191 0.09008167055716869
0.09024210987213153 0.09026284886328118
0.08107772650478096 0.09080622402069774
0.09072158116047638 0.09088131152944028
0.08589122407948921 0.09175647106163277
0.062000650232292086 0.09198319417729595
0.07019216948426454 0.09272153374883195
0.0792014121038499 0.09331884987778452
0.04691098500209447 0.0947284837557932
0.07845727071188349 0.0948524095677304
0.09416933378668282 0.0965057410490777
0.0950931172127714 0.09652094705796724
0.0963603479271556 0.09707914222899587
0.09269069221240264 0.0973696048735474
0.09743946250081516 0.09750591124705718
0.08719733439407842 0.09845112034418597
0.09275500687108892 0.0993895610954316
0.0898211175793698 0.10005643720808531
0.10121661642899552 0.10136336096817353
0.10170812490896541 0.10226065102636465
0.08543045245008121 0.10319776472957844
0.09380384825411632 0.10346776160519482
0.10330542678179734 0.10375197509316872
0.08702723238103857 0.10379713408003997
0.09912771755339378 0.10388430887630537
0.10266522915545545 0.10393237956056306
0.06013684661888876 0.10411174238538504
0.09203775058278264 0.10465994375305543
0.09924028978818866 0.10495919144616031
0.1067366191598979 0.10673667093115653
0.10702729369385684 0.10731451829096018
0.10691420957721433 0.10751707058028032
0.10010740005568751 0.10817536615828173
0.10701572344757354 0.10824344812361872
0.09688369317654484 0.10883174466727202
0.10886239428471854 0.10890782518938905
0.10916560678683114 0.10916704343030612
0.11004141221793332 0.11012327194095606
0.07245230896408045 0.11069707542893226
0.11226163085398966 0.11230444624606728
0.11240091876340143 0.11241739826115398
0.09673948787200698 0.11244666477791576
0.10604826015215835 0.11281230893596005
0.08965954537411294 0.11387709879137167
0.09152641938672056 0.11451856075415628
0.11263268070141977 0.1145313838327889
0.10266605197433949 0.11457414781360603
0.11494025687919122 0.11495048314191844
0.10694839300339389 0.11532073804845311
0.1112655840322962 0.11583768135410388
0.1180071478053092 0.11801351070248049
0.11636649680967977 0.11814381818567575
0.052870320618758154 0.12006222621545239
0.12006286804506143 0.12044132317828438
0.11747134432400476 0.12065641987113697
0.08078342369278294 0.12144526091660952
0.1222468709935745 0.12225041277809955
0.11018104189403614 0.12246720660941084
0.09360914125191504 0.12321648022468194
0.12286382142406205 0.12360851225578326
0.11886078667273875 0.12413056431573134
0.11821602768651138 0.1244326246224229
0.12514156155964615 0.12520869262055354
0.09949337517047041 0.12615712711316182
0.11116334929427207 0.12634270089615007
0.1263650954270093 0.12675241953209604
0.09860674758551258 0.12726756892370986
0.1276582479019605 0.1288516212998346
0.12832950463560602 0.12974022274126926
0.1000662558113644 0.13059260344313217
0.05353124382214469 0.1311906253835252
0.1186206941225851 0.13398332268276147
0.10049755346388278 0.13412150630792133
0.13437942623851482 0.13445584266360813
0.13338737883778135 0.13450663240921762
0.13055183788236685 0.13477965844608242
0.13239499216198386 0.13575140103155522
0.1083416084950964 0.13732552219075325
0.11836831649035422 0.13738815152553904
0.13907920608564722 0.1390795137380149
0.13259221687756761 0.13949174152755772
0.13960848426542058 0.13993443174902948
0.14140263400372655 0.1414028113761693
0.14123942308870008 0.14631563504874043
0.13360217584826134 0.14658589553855608
0.12404859737506073 0.14668873172792932
0.1487489350325734 0.14947672456786804
0.14648475908412806 0.150034892627161
0.09083624999605963 0.150699422556863
0.1496285420028876 0.15103134307224853
0.13288803922925874 0.15154946264422126
0.13245774647971786 0.1517128237992606
0.15143555740040937 0.1523404847725822
0.152937250514615 0.1534944149872393
0.14503055948710336 0.1541264313294075
0.1414794904816228 0.15412792864978075
0.13764103692307 0.15500181063358584
0.0921705631264029 0.1554540084204418
0.15126293980155722 0.15681905619881525
0.14902706267499946 0.1579039277198797
0.15623695129760284 0.15814907163825132
0.15639359145618378 0.1582332867061493
0.1299071999508044 0.1584186510309744
0.08721518457029975 0.15921295658973825
0.1411157309384454 0.15922707919816978
0.1397888755342733 0.1605112232511068
0.15594286313166508 0.16114607547265297
0.16029908723903327 0.1616635511389474
0.1560543393080486 0.16341613081572445
0.1410447153860327 0.16425452210889915
0.16466177383819255 0.1646845842006309
0.15238871271457818 0.16717005760564166
0.16604855820415254 0.16767746905381292
0.16786944029747036 0.1690193086180212
0.16485226733861544 0.17038336843954419
0.15500573053748073 0.17059823917319575
0.1704154348332221 0.17067615204677256
0.1705999990467005 0.17068750082112105
0.1707691022802782 0.17165733791587318
0.14078662024147517 0.17567486431737553
0.17324317306608722 0.17594933645344601
0.17575452803285338 0.17610732780814398
0.1654399861553951 0.1762183917259215
0.060090656990436794 0.17827241340125707
0.14930801300844276 0.17855864686044431
0.10349202005661817 0.17903055824544326
0.15105418092369335 0.17948145041708083
0.12676656803245098 0.18103594252362012
0.18103026939840147 0.1810405322834619
0.1793474741476053 0.1814013504243758
0.18127267327120944 0.18154766947249762
0.16229363938155553 0.18251279990569838
0.18035744859101135 0.18299897358004896
0.183092711052006 0.18312751473564484
0.18330335475202233 0.18599950236278973
0.18482078306853492 0.18613454950283292
0.08547536704625844 0.18694126207781073
0.17225927976276342 0.18742099286747782
0.18107888192280164 0.18817169277790413
0.1380506945200149 0.18825087778250787
0.0737951822155493 0.18834728871175405
0.17400347122225418 0.18874795053468077
0.16060999799673412 0.18886599487150502
0.1705946393200632 0.18916864825446333
0.19302345573285512 0.19343559008773673
0.18676430686647616 0.1950311456953628
0.17530554392456704 0.19521039329251527
0.16151919255280564 0.19671210728299737
0.19833240879979647 0.1987795478178121
0.19901229029594175 0.1994258586535184
0.18033200143375724 0.20216536769264787
0.2019870596992553 0.2022807557679861
0.18315868911317662 0.20273802141458566
0.1766663605859346 0.20305411237948826
0.20170731270463818 0.20365122021233859
0.20037652948879986 0.2036666161665297
0.19343731676184997 0.20426618471666358
0.2052316308804717 0.20552666111522574
0.15606017260988783 0.20724059808834794
0.187099500269918 0.20765145725915593
0.13159775571677376 0.20771692989873394
0.20325625885605506 0.20982210576319674
0.20943075154102697 0.2099765131798133
0.0773607941533244 0.21075909051336267
0.21107715614287537 0.2110899046878973
0.08329760657416754 0.21146966607314438
0.1928028184316516 0.21438265318485825
0.20692899728894085 0.21455673287451113
0.19100279211652482 0.21476753317050154
0.20947210503504204 0.21538045407476014
0.19199390910862596 0.21810274037943492
0.21886809281350386 0.21919806362930036
0.21009913649229778 0.2196546266723247
0.2200059096767042 0.2208467760556921
0.22032868964903224 0.2217286236345468
0.20658217825061698 0.2217626105989746
0.09266632992498133 0.22179287585989566
0.21857279172653094 0.22214234466936317
0.2102816109483184 0.22262296382736968
0.19192388223555185 0.22354603927613637
0.2238595958792436 0.2239201067716821
0.22631825677340717 0.22673738344086844
0.22527552782741866 0.22964371378272946
0.22921525127500678 0.23139316688164774
0.23141388080092049 0.23512871215727144
0.23645362284451604 0.2369259967138139
0.14785170456031943 0.23811588312664272
0.19936043546052812 0.24556222492096372
0.2201260715093383 0.2463017877593155
0.2472311707942264 0.24772107961551426
0.1899798074841851 0.2480282317929288
0.19062335215798304 0.2510684197854768
0.16711372091075707 0.25207759853181355
0.24867219173342633 0.25502729312870887
0.22903737227540139 0.2571850148740203
0.15747856886525813 0.25761827218119965
0.08041777152008883 0.2589590224157182
0.17582452367673482 0.25947012815692655
0.20407854373781975 0.2597137242453174
0.26199474189325483 0.2622488124677449
0.14862638940823303 0.2635531186733343
0.2535251123772221 0.26467747930264107
0.24992991193314054 0.26621037613575965
0.2602623359454672 0.2664953931300743
0.26533914058898217 0.26656531940225897
0.1752379519883329 0.27075966247865824
0.27063306497702094 0.2708492501856491
0.2411652596921412 0.27690035689942294
0.2788198422657267 0.27926780311774924
0.24255610057750185 0.2801243630245142
0.16448805889215795 0.2809561980674283
0.2277839046106613 0.28815464532012935
0.271106975464562 0.29019024388741843
0.27063171117248935 0.2908093305758119
0.24667046606601725 0.29454953645655785
0.2766025510025636 0.2994963141097722
0.23501834895653415 0.30159990485629895
0.13602652557809955 0.3025042674939461
0.3024504193029148 0.3034831739532189
0.2954438648110789 0.3038947400919712
0.3114835705621616 0.31233851105720406
0.31272443957016843 0.31439007439228434
0.24799927176209535 0.31570893196090477
0.1278618481852798 0.3210577054011974
0.14542209037685186 0.3217035327953955
0.26750665018909126 0.3229729086376997
0.2826570788929845 0.32797168584276676
0.3286287774966892 0.32901131119773447
0.28513792438632934 0.33413455038639306
0.3221854991865239 0.3349361167341011
0.19696308916620373 0.3409802526659965
0.12951301616879077 0.3469978347049773
0.262029416940705 0.34711884583193064
0.3159138496812765 0.35208843326021233
0.3544936018199745 0.3545147493690482
0.1414617459616974 0.35614275672735385
0.35568608324535617 0.356313394917795
0.22504237487882608 0.3578193359758805
0.26941412041089674 0.35892984080003176
0.35357950701516583 0.35973501063738184
0.34564793476075517 0.36038757727838655
0.3589197250454115 0.36039950541808125
0.3075954139425094 0.3620192699403663
0.34615730800006594 0.364615767323679
0.19783253435029324 0.36608968292116173
0.37003698682379543 0.3707620151485914
0.371026734338183 0.3733338028395723
0.30945374447823626 0.37372045072749027
0.3578080298010808 0.37467032266496414
0.198362114519606 0.37853880081676394
0.3338984540765187 0.3802722656216827
0.33710159969540743 0.38317956403674064
0.3834086751356104 0.38978932496476754
0.37114672604647253 0.39124439419741147
0.20976707976744724 0.3925709190239853
0.39337571978901276 0.39595684794760366
0.26592247429455484 0.40621456370592296
0.17048474303162517 0.4080917083655324
0.41367594150150694 0.41450040944949373
0.41438312619119666 0.41506889553393495
0.19149100131111513 0.41516415767141784
0.30821692836776693 0.4170033297970998
0.17003113242493892 0.4174218519718551
0.144271698668426 0.4175021169068511
0.3818721760807792 0.42087054194764817
0.4245834898610199 0.4249341761612578
0.36480707185539835 0.426031009338393
0.4327396083141914 0.43423204126060116
0.39877675718713756 0.43870500664885903
0.31076953340365865 0.4413258763104084
0.34140522419868224 0.4430074326197544
0.21978063755189445 0.44732359480493394
0.4457298948597864 0.4483487106352081
0.3281077986958233 0.448951845194198
0.19499122933005245 0.4517574919223391
0.22319419747236965 0.4518741551431215
0.2182733886181692 0.45267387180425755
0.22463300074247794 0.4534247712627806
0.4319106272289266 0.4552040777786424
0.4511195458570969 0.4606618745603541
0.17640256758196923 0.4952629889728939
0.4182919462518702 0.5120598680053633
0.5187098104526862 0.521019767463214
0.10357358073597209 0.5298915714935161
0.15281014740673518 0.5419325433566765
0.5303755365531613 0.559487424933997
0.5880285386672912 0.5932633754684228
0.6049950531390539 0.6160034154167819
0.6150245137302933 0.6182373110019521
0.6251598830137574 0.6254292946551107
0.18841691455793708 0.6311975763622937
0.5365845254473445 0.6405511362943099
0.6311537121777231 0.6661018629431706
0.663856031112215 0.6691726677301253
0.24358637396935373 0.6757195547870353
0.15973695413718125 0.7576041269174235
0.908487941081446 0.91589305009797
0.1391757618865269 0.9366365154850541
1.6306363157026131 4.000000861970465
