0.006906950099151599 0.00749221738003014
0.008587900519055041 0.008654406680890833
0.008640366306673718 0.009236918780708921
0.00876228017088326 0.009415900178824451
0.008603571637547427 0.009695897486155878
0.010652944777844524 0.01175428679004611
0.013364665675020612 0.014617006684194977
0.01122895772732019 0.015191227076332064
0.01625092562962334 0.01630234925119323
0.015208663650594987 0.016303126334975142
0.014363957526671845 0.016328114556089013
0.01396136868050257 0.016870809441687114
0.015539344181033582 0.016984260756868295
0.01791147385759177 0.018497385224450862
0.021593468253153305 0.022369341608053383
0.02345906446621277 0.023630961312426004
0.01678877498554927 0.024622716311988854
0.019812215870246383 0.0246611323990497
0.020639010886105716 0.02487348300364895
0.024073478189682643 0.025108697888795113
0.02589027191874829 0.025912227176283765
0.024642407498287434 0.02664599571254841
0.02713574661482896 0.027149444161061943
0.02713603834931981 0.028065840154308113
0.023182266758083866 0.028350258793851498
0.028096714897408726 0.02853562139139679
0.027255500684664553 0.030254417756189207
0.025845043902516535 0.03131738398614566
0.02852388160963791 0.032390839723801655
0.030418555674966912 0.03259897160088725
0.03111028203504476 0.03316250640520816
0.033791550340726804 0.03405553195296967
0.03418484903562585 0.0342219279377332
0.034760580569276917 0.035182915073706744
0.03535217125119008 0.03535256113930391
0.03532074670547623 0.0355511102283558
0.032650063810908216 0.03559811177594949
0.0324967005608488 0.03587971300045313
0.035890036928497036 0.03723511567005923
0.029503405092848947 0.038384225186101385
0.03865155948583499 0.03866814138215724
0.035483885836700785 0.038935498996723175
0.03910695918231466 0.04038378351341955
0.041342940664572905 0.04134826489233203
0.034051497981373635 0.04195296860035985
0.04237437182868495 0.042377474145674596
0.034920777251970715 0.04339069776611913
0.046589285683358655 0.04680866125328325
0.0438861434154239 0.04732899049299201
0.045947055500439773 0.04792397435774279
0.04252731153814064 0.04858787428916649
0.04866396739274551 0.0487043250633792
0.04832355266773241 0.049053277594626535
0.0494428980803751 0.04945116729511346
0.022860868840938527 0.04990370002052672
0.04958414878209077 0.05001166217917547
0.0499877920821643 0.05020911836554648
0.03859505519439108 0.050399799306529304
0.04983680650688967 0.05098960988496484
0.04764203027367028 0.052543490530327176
0.04830428781721724 0.05382753517001734
0.0542060388090618 0.05453469679843639
0.043582167392812426 0.054777661007247395
0.04619555127501749 0.05484519919069379
0.051262666133285124 0.05528870816194333
0.05605815891263503 0.05613103530157216
0.05582065413994265 0.05673213523884163
0.03366916016692587 0.05688917746998365
0.0483324093048509 0.05706787651781241
0.05536233241255742 0.057129055311560234
0.049343945605835 0.061005790818921046
0.06215467548519283 0.06467554825906636
0.027444371565248944 0.0655552470587219
0.05762241266444736 0.0660532602545894
0.06625127269107248 0.06638898902220317
0.061925861094790056 0.0671443399405599
0.06312927214305832 0.06912348658163464
0.044128696463937314 0.0693518673534381
0.05045416598388592 0.06942623622025157
0.06626007195938668 0.06978720507277632
0.06644977663828358 0.07005873087895514
0.057154716856647664 0.07074585804090455
0.06922685238206376 0.07083019818074854
0.07028823169336586 0.07116304207316913
0.06816468027496712 0.07216944166830161
0.07209939565378282 0.07221736846610283
0.06564296298163763 0.07261042118088827
0.0723146384817921 0.07265707881548156
0.07191636168851241 0.07283183142173284
0.0730236143587719 0.07307511162899914
0.034774097360301515 0.0731793175977282
0.06458282463310702 0.07325453949696693
0.0666095145328237 0.07353900093531891
0.04932206126299391 0.07471855035823596
0.06344541913204767 0.07562589676367415
0.06486914238194667 0.07653902662179894
0.0743628901950432 0.07817192711883098
0.0792846671994966 0.08232950606202626
0.07591251430034629 0.08262327213500936
0.06511305929886031 0.08400068529402781
0.08422737663051721 0.08456025601888605
0.08380862149164854 0.08535290980428349
0.07862731557747314 0.08543966621514185
0.08480160804499044 0.0855941087258028
0.08588149053342078 0.08593684717334334
0.0879959694267772 0.08806292312375598
0.058685281462653574 0.0883488957678059
0.06867448234401646 0.08837815527926264
0.08545367286971277 0.0886258111819779
0.08689032742095029 0.08877553397593789
0.08860779679228377 0.08881044420035764
0.08298886630260732 0.08924974827290158
0.08921376659977326 0.08980261962126619
0.08682406030261376 0.09067151153071817
0.07871858673141584 0.09200841116665918
0.09153950949064826 0.09210225240202369
0.09022143030589921 0.09259665233817417
0.09261415986348895 0.09265584396681821
0.09207552496491685 0.09342270140580125
0.09204859201838764 0.0936890350008509
0.08454244617926109 0.09423824367713932
0.09295659709335699 0.09474996298785018
0.0902411242455694 0.09477218800911956
0.093734946014008 0.09483271448036895
0.06125138213383179 0.09517538186293187
0.08772029966905165 0.09566437725613519
0.09206656335513923 0.09651310191591403
0.08550461024667345 0.09984847425589176
0.08571039868980111 0.10098653905797898
0.09016134149858597 0.1015855006276969
0.09033552340067824 0.10253308440114137
0.0970090012470276 0.10256088635549793
0.09936668196003057 0.10306853497786064
0.09170353907455404 0.10327854380562698
0.058575524711861504 0.10445768337859725
0.10768405824238568 0.10783391099447306
0.09144073682585997 0.10951729748900806
0.09334520945651337 0.11018775271540218
0.10721539322521371 0.11102744381991536
0.10649113825528808 0.11138061386773822
0.11038574445957071 0.1113997727575301
0.11134752770906224 0.11141959848362175
0.10255531581787615 0.11201583020814943
0.11134675737794215 0.1168869355459084
0.11716110470772532 0.11739140297749875
0.10523837668231797 0.11798176541453669
0.11418078096991882 0.11887103107611585
0.08218822600420733 0.11960717753261868
0.09833745020168361 0.12022919114117923
0.11450619877985074 0.12052994017716467
0.11582970867778351 0.1208613608503606
0.08655996666852363 0.12203718935125923
0.12338861963924085 0.12377006595706788
0.09494445288101885 0.12390575448808186
0.12347531125307439 0.1239550581073137
0.11988294498754834 0.12417131374376149
0.11539787485006288 0.1273963472920759
0.09137157319227009 0.1289587625205953
0.12463679475501635 0.1292999538929847
0.13036127244385198 0.13058335707492347
0.1103395540588767 0.13142371052508936
0.0858717738128141 0.13228689335766397
0.12477280113418755 0.13374383941907234
0.1315084229368177 0.13473035861577018
0.13363009813279225 0.13559917486146558
0.1346009666279898 0.13701904896189646
0.13567065711796206 0.13758064922233632
0.13671588112412575 0.1383379721866025
0.10872027427810294 0.13865362368000053
0.11014033705997711 0.13923777166172446
0.08982604834107721 0.140867212709538
0.12973087062559788 0.14138043467507042
0.1429375898439771 0.14317234832679804
0.11227784780410392 0.14372026399537985
0.14328933645982905 0.1438004676614335
0.13719874431456816 0.14408832902912266
0.12991388084639802 0.14438667051607487
0.14335453731419423 0.14499376093063115
0.07328213433291206 0.14537351608108606
0.14541635602708974 0.1463397533561546
0.09124611221810411 0.14697022537474289
0.11288437595185201 0.14731991572079037
0.07984937339568257 0.14802899519910245
0.13690051167755052 0.14834154548958653
0.1447509735038874 0.14858354894399523
0.1502068350431841 0.15254417735289286
0.1519267380560856 0.1525945713795133
0.07902769068697854 0.15275112205952068
0.15182992892390576 0.15578659554679133
0.15035495674464466 0.15617118985878095
0.13609113971272627 0.1563933047525286
0.1435658745906278 0.15730085399699714
0.15288107369794998 0.16306922789749592
0.06978153247486174 0.1631172903930597
0.16246868980236268 0.1650503709063204
0.16568398308856327 0.16597143174493853
0.16140449660972436 0.16674191879471742
0.1601273853404151 0.16772265564742828
0.1603658961625859 0.1679864733925717
0.16616707428997576 0.16865738577440095
0.1557597013537078 0.1689866083910402
0.16469603953346834 0.16904195089626792
0.1565697685343254 0.16918548093569524
0.16979412860123447 0.1698052602982394
0.17117369974801258 0.1719288109600881
0.16875156737239919 0.17196885514425744
0.15012839085481622 0.17201433934621893
0.16170310832000748 0.1729432458031561
0.13464900893416165 0.17525847617419302
0.1751821659572788 0.17552854996748035
0.16768334303394125 0.17659656412855754
0.14657474976592624 0.176862086941455
0.17650722400394364 0.17712191977216685
0.1776559605396314 0.18025384805582179
0.16324906149797064 0.18166678965962532
0.05460503885026721 0.1819423203195616
0.18358460823634168 0.1836639186918029
0.18351801550274077 0.18421251068134756
0.18359329762028087 0.18497102530481535
0.14972315007241496 0.18510001030473577
0.18553313572906077 0.18562763207471006
0.17947492929948355 0.18613907564785862
0.17702956411058818 0.18669297211585886
0.1763983586216544 0.1868569766054197
0.09824260471840224 0.1899195785439803
0.16035444965502965 0.19027440565172618
0.19076462903756342 0.1908276357044084
0.17467832196086647 0.19168029601928524
0.18767021419805077 0.19271235480545287
0.18439649188069993 0.19383692686778214
0.1775986056033464 0.19485697805532798
0.18384814619718948 0.19634722051187375
0.19146736342780565 0.19687675206019567
0.1907390021232026 0.1971162011483747
0.19713814649394837 0.1973426477648083
0.17673227009478512 0.19846376441233848
0.1987432955220403 0.19890226477139353
0.16521886581059725 0.2002742104537375
0.1936780383380021 0.20060706850286344
0.20408832904526605 0.20438358955616434
0.1871183565268196 0.2056056446277125
0.2025703617252123 0.20584966079414405
0.20525075852974664 0.2073142164285125
0.17408058704048346 0.2102504170586672
0.20528750191489556 0.2116120277504459
0.21226693884047249 0.2148594719686906
0.20895357389423475 0.21486163997617133
0.2128896945136167 0.21747932194550199
0.20091252372914226 0.22087754120827227
0.13104888636850892 0.22138033392138354
0.2217155938036368 0.22175043611549508
0.2126735366533261 0.22177466792400471
0.219106149632852 0.22346109225055302
0.19135576145105238 0.22419430273437685
0.22396633008108396 0.2242065833505712
0.2191678634009698 0.22948581821648728
0.22075992378620068 0.23376822200865782
0.23369331690192918 0.2347505225395518
0.23523169623669635 0.23743516323238792
0.23987823794969515 0.24019491285318653
0.19320837183378148 0.24040170197060237
0.17291317541841478 0.24190764402964401
0.19596720309058846 0.24367269075928424
0.19565506517905334 0.2444040239701108
0.1741257349217107 0.24480559977720653
0.24212581329375063 0.244819491596614
0.20903582925291725 0.2459449196459533
0.23502919632712566 0.24760626506032066
0.23890263373981666 0.24810648418473816
0.20805807496524434 0.25072935894294224
0.2017156171926525 0.2520609765791475
0.16520275124874215 0.2523568231370001
0.1250690469834164 0.2526002517331879
0.2552043930114217 0.2552262873941299
0.20856275467022328 0.2558649832402469
0.25603843125339926 0.2562578970105676
0.25723004585172987 0.2574060292044437
0.2574545251543471 0.257624977263777
0.2543675329501501 0.25794796311197893
0.246534022949506 0.2580043836149677
0.25831880435811944 0.2583853192056227
0.2581466394437645 0.25905451262324225
0.16421426122150146 0.26036775847498367
0.2598904399798318 0.2606428697989899
0.05076531211050162 0.26126016922984074
0.173646073131879 0.2634806644315675
0.26656568561302574 0.26656767654853425
0.1641516945073011 0.2670176121231674
0.177544386827683 0.267109076905143
0.0898729502292513 0.2672018558090368
0.21121946372862538 0.26839358653296147
0.2703712536764049 0.2714936500382478
0.2658697773916406 0.27229199233120294
0.26589382999399547 0.27283816877911804
0.27418520335919927 0.2743928063283597
0.21129420081488767 0.2753044982874453
0.251111793315304 0.27563964786393896
0.27691163912257477 0.2771269310731712
0.2455082119838538 0.28103039333169916
0.2634407945579127 0.28172720954061375
0.2707755441175002 0.28238473232242683
0.2784633660288752 0.28257018191773525
0.28235660795151274 0.2826536898832709
0.26199421195246037 0.2862576024795318
0.2870982149218462 0.2874635337994546
0.18502339554748976 0.2892356580492637
0.1791265400974023 0.28960120399969624
0.24851227370314227 0.2904103521916252
0.24067081214462774 0.29321688543540503
0.28048054536636624 0.2937126722636749
0.24403190319024254 0.2938065858617023
0.29472261328341937 0.2947237674691498
0.2611613459289743 0.2957009825230536
0.24454833192643105 0.29691740325984994
0.2607790608044572 0.29793237218040264
0.1993037292031851 0.29965239785685266
0.27893354019440597 0.3022584042111491
0.22035106372273747 0.3023178227642775
0.30019432767088783 0.3029636992557815
0.30107776726232227 0.3044955131558275
0.3034067168795865 0.305003664361421
0.3055530466744814 0.30571435617745185
0.28089293104908886 0.3071449875617137
0.24820384872842663 0.3080414887805859
0.27645006149190415 0.3092272406933127
0.08119645853336548 0.3094940198177337
0.30126843194208774 0.31268663497109844
0.3059262837290526 0.3126919998184129
0.24587959480734456 0.31281803099378147
0.3106869205585509 0.3145515368900772
0.1846878574858566 0.3149815317562661
0.2952603339410351 0.317490105780349
0.17410460149912674 0.321061067447758
0.1594809679644062 0.3227165625431817
0.2427837849526718 0.32389234986414933
0.29866045688335535 0.3260545880965004
0.2738953098331793 0.32734210319232526
0.3270933691157606 0.3275933389971712
0.328125835939411 0.33065145295726406
0.26604000332127326 0.3320706448691772
0.3285449155241626 0.33226847306863516
0.16875535732028252 0.3323767966862218
0.21863000484749565 0.33510276612186835
0.1465593571848464 0.33514449420718756
0.33420345434197646 0.3357480478386809
0.3129458676099577 0.33938960899313253
0.33998525227950194 0.3410495124951397
0.3412591178547645 0.34139473306121554
0.3397546581323496 0.34178018387578407
0.331705006942916 0.3428553934028311
0.3338557074845034 0.3448678050127885
0.32506150100859893 0.34538259000380644
0.1237375174182414 0.34638643961099236
0.1494939747475652 0.34749682306759483
0.1409526653867676 0.350811189410077
0.3372362829607756 0.35106291248351823
0.2768400617724876 0.3531973838847408
0.3402250314723917 0.35476108316837385
0.09550555676719472 0.3560023911959248
0.3484559303096681 0.3588672944640085
0.3600594209125944 0.36010328149938026
0.28790811076926565 0.36101321959420796
0.3128042761744675 0.3613612526147951
0.3730218230480306 0.37328880184370145
0.3589260441159936 0.3743423186895612
0.34651815233741357 0.3764730852231987
0.3791810611698937 0.37967295646769356
0.3753148696194529 0.39712872833018437
0.3979405019722691 0.39807660298953207
0.1700030643884016 0.3994099680566397
0.3770176501004725 0.40032017066894415
0.36653962196444406 0.40079708828421856
0.40248953770905027 0.40248992706012393
0.34483940063534413 0.405454252717768
0.39469105982551883 0.4061352114681242
0.40638634451744454 0.4090228821185192
0.26247223571503514 0.4101578802204682
0.34265560772345005 0.41113070715890965
0.4218908982459596 0.4220973799806728
0.4165626243351242 0.4252016478345169
0.4214218289606523 0.4262664812568575
0.16795583881056186 0.42768397375009753
0.4054011903675625 0.4285663469165046
0.3729169074980794 0.42869238419765887
0.2681026249910027 0.42876176291709406
0.4107385724840983 0.42967235110822655
0.37111849270165276 0.4327542908055175
0.3825531005347295 0.435783054865469
0.4218069253455967 0.4389097226736678
0.4371167523040158 0.4420074238804446
0.16462288268458442 0.44664043910802054
0.40856279699784637 0.4488731358718217
0.4458837753888474 0.44927310521904945
0.4414880209350627 0.4505484806803329
0.43185571030518655 0.45196601537100023
0.22106684979222535 0.4536350997503337
0.34190677343136444 0.4561504187303149
0.41045234134733244 0.47064081891278536
0.41724351902296347 0.4719545311846273
0.41048735106319684 0.47329810533284533
0.47444409653729525 0.47457329793781694
0.3782817504693482 0.4765284220005427
0.20275546388775917 0.48202685377977433
0.44171726207712114 0.4874509054208228
0.04682785564012012 0.4911600382132867
0.19385866272043256 0.49363662844367273
0.45992753911923107 0.4959790241021464
0.4798765574109014 0.49746379259180745
0.16645189611593963 0.4998015086795121
0.5083325413020743 0.5140409360911428
0.3188849104101606 0.5163360549506077
0.2778119378069632 0.5284497234642159
0.5287297076762932 0.5308716225556099
0.513106415395513 0.5313083685612151
0.5351901158770734 0.5379535598865156
0.5409515345610618 0.5419370503893656
0.3687629881039285 0.5444006425641545
0.5076153936833508 0.5447000491331883
0.32913213604151853 0.5457765971440857
0.18055998616391425 0.5498480900497187
0.2963772394347935 0.5565684715012122
0.47116224354309677 0.5612068824686186
0.5660409113501702 0.5685674181260219
0.5025910024135192 0.5704884972634328
0.36499980972496526 0.5708284171905682
0.24959574556426273 0.5794881097950829
0.5936190330850749 0.5938864515941569
0.3625383678108448 0.5978505472829748
0.28033359558757137 0.6135619521780554
0.6148775331408391 0.6183542194657788
0.6542387391159952 0.662827768134827
0.31013248308379965 0.666837325626972
0.18835336199617525 0.6933363524763955
0.6332319613134338 0.6957883829434592
0.3272406330826822 0.7050768091429267
0.2994972529465099 0.7087763191894817
0.18249651970332473 0.7097437461097849
0.7177321478233604 0.7186407733736531
0.22041963829780203 0.7974540521612207
0.806516356876482 0.8065358063978396
0.7283595494309606 0.8160985626718427
0.1746100928517945 0.8428717130725866
0.852295304832127 0.8529531375749544
0.8697013098475698 0.8709847482187538
0.8706103909294011 0.8710824994590448
0.19438212478353942 0.8711259547307995
0.5909726828615033 0.9060371701898892
0.9115059138605994 0.9119350604259187
0.4427898360512971 0.9576190836325598
0.9547673456151203 0.9589336755027541
0.7826841955087107 0.9793482494889808
1.0531747070439252 1.0534536019588776
0.27341396155240694 1.0576172078493489
1.0895411620055906 1.1029906176225863
0.8411492845274311 1.1708331360781454
0.3308247461645945 1.2407169757222762
0.9185180799893826 1.272113584668203
1.1720780489988514 1.3132634426326069
0.21392214690890804 1.3631374088123556
1.376045218809418 1.3761928171369069
1.3484753404526904 1.384012584506878
1.4414283897880298 1.4594470913638062
0.3223442507808437 1.4628974781956767
0.16257049040287283 1.5267545518786072
0.1534935454781113 4.000000506037514
