0.0002524731097491863 0.00025699706932118255
0.00036864195810761756 0.00039947197495656935
0.0005025093081829108 0.0005127875735855172
0.0005531907514360467 0.000580091330317672
0.0006312501214392108 0.0006327868442699564
0.0006324086542453411 0.0006384892535093961
0.0007066629222971331 0.0007111524409859684
0.0004900344983063994 0.0007571674444134686
0.0007571359998555205 0.0007667568459366608
0.0007130345044148929 0.0007957949868318904
0.0007432068793371291 0.0008104858900265713
0.0009224442389588225 0.0009325885413420256
0.0009057897035216592 0.000942886522850391
0.0012890722268630232 0.0012893822576911813
0.001901892042606138 0.00190211587312112
0.001842816908267326 0.0019229713124671644
0.001725820305404787 0.0019327876371576715
0.0021308251790239105 0.0022385070016506226
0.0025324408549613157 0.002582116962796514
0.001870603030699774 0.0026148379328346477
0.002561583656920467 0.0028995934352663614
0.00284335389748887 0.0029656279780285602
0.003030386198996927 0.0030861545576397397
0.0029353976756244333 0.0031386304887132638
0.0031679683299440397 0.003180795767793866
0.003345767923022583 0.003345790616468443
0.0030195259851733443 0.0035853413146043956
0.004132336987940878 0.00416424601097878
0.0041768567033519804 0.004202047944399082
0.004130238784741395 0.0042049920240502265
0.004479027668826185 0.004703194426170446
0.0047015371799193455 0.004707753192852697
0.004872440628801436 0.004915827573131576
0.0038197043439899066 0.004945629657085055
0.0049280402178283784 0.00495858732430697
0.004801747629863336 0.0050057994585861396
0.004765138731141559 0.005109710782770663
0.004502422231064653 0.005116878577446578
0.004851535487190403 0.005311337673520674
0.005707032355262952 0.005898450425275295
0.006307727014601909 0.006391420264429354
0.00659118489463075 0.006645741811136993
0.006294043317151219 0.006685014054545656
0.007145210034959838 0.007145234767061659
0.007984292925066224 0.008032635462802728
0.008041805446443943 0.008650571701987887
0.008681392536581787 0.008791833378647711
0.008578474338431346 0.008799425801525448
0.008845579884871124 0.009061379390823378
0.0096136271552758 0.009798841997478748
0.008827911259789364 0.009800396911803904
0.01032049434164299 0.010371726947838425
0.010167633528061897 0.01038151597007766
0.010617374915653338 0.01115278020646999
0.009426545791994053 0.011537908487036364
0.011060991332547832 0.011652154397377339
0.01054697626566306 0.012091630885568245
0.012897156716409546 0.012925916311749547
0.013051417633867336 0.013129041253330188
0.011603472674571087 0.013220249783315744
0.013974054872027129 0.014133353412588678
0.007275147696562518 0.014847964619344492
0.014921050202155704 0.014921194111405038
0.013770886410815189 0.015167403381425278
0.015333392162871093 0.015357303947937427
0.015012338265076253 0.01575300386193112
0.015504402011316571 0.016634188173950307
0.01735340415985918 0.017374643174629736
0.01711207652765508 0.0175037835860067
0.015081699797869998 0.017976385109651914
0.018304622775424113 0.018430693601810027
0.012357079393829757 0.018694003119989266
0.019107344019059974 0.019252809211364116
0.020753587865646263 0.020768697507742555
0.021810606370827074 0.02200246290412936
0.02231518305944124 0.022333302968465488
0.02052695846417525 0.022621008056692458
0.01501450938184343 0.023112854548025454
0.020061190168147277 0.02324866352616068
0.021813516117981945 0.023417632047044723
0.022973587653573848 0.023773240475851637
0.023706653259619112 0.02412209431470278
0.024466459225812802 0.024697463100295004
0.024659736732657752 0.02477635699162703
0.025005616035970117 0.025050759685772358
0.013641483946497966 0.025064115255334085
0.024598112855615046 0.02544692067631834
0.025999627469252582 0.026098447715182212
0.024437278306515795 0.026282384374390087
0.02268204950182367 0.026530224839776753
0.02656290948011583 0.026982838374868895
0.022804780062191297 0.027071959103991388
0.028160869109479077 0.02853906088512256
0.028683468013041554 0.028902566365046557
0.028912821375591462 0.02891300314023391
0.025393790962550063 0.028923728353578742
0.025535624128900668 0.030221801324807555
0.02864794144207348 0.03040679029116113
0.03040292475019593 0.030615923757160338
0.030162617778785584 0.030971294598200857
0.0312389798470068 0.03147911126804151
0.031271340783444485 0.03278697203635514
0.03227414219680743 0.03339671327743599
0.03203826950000856 0.03407130275700005
0.03395747298665408 0.03414547690953071
0.0360232210602171 0.03604769670379407
0.0363387812740678 0.03637142378863029
0.029755629387058537 0.03643368201433633
0.037254246033315154 0.03732875631328546
0.03716444789963112 0.03858909333785467
0.03810677345838696 0.038653054738031156
0.03764209216167913 0.03923772580743479
0.033413250742366896 0.039283726838349665
0.03944132266676576 0.039551197595528026
0.03975981676092407 0.04022360166382467
0.04037869077075929 0.04112962269063151
0.04055290720972874 0.04216971494848671
0.0419638140902731 0.04247253082876327
0.04012341745845697 0.04266465895846262
0.035630608623699565 0.04318751565091632
0.04102079293497113 0.04370218565045409
0.04370075022256877 0.04370264848341898
0.04396175240813477 0.04406790415515236
0.034796266727236735 0.0440933679608632
0.03670391812601454 0.044452099376665714
0.044599502376010056 0.044600432251796225
0.0437280070528404 0.04483974436705503
0.04166622619704854 0.04487133104663959
0.04533571791525801 0.04533644690099337
0.043476222396785585 0.04607920595270289
0.04542053424284659 0.04843203895069793
0.03177653186769177 0.04845097823926704
0.0492995940849108 0.049412485975655215
0.049114532010331315 0.04963841842888997
0.04347852704698947 0.04972321169333632
0.049333922229434266 0.05042122586020562
0.05044376395740295 0.050725632663150465
0.04271874651532997 0.05080764271000686
0.05194076094095459 0.05236485075401657
0.025836014708609467 0.05242606292848389
0.048842310745229954 0.05248367036052671
0.048576687452840356 0.052511954776841126
0.0527022063279002 0.052776955713601706
0.051731226789145976 0.05308999639003583
0.052928983488957755 0.053513605475022076
0.051772276978274696 0.05369366061475853
0.04976122887435383 0.0537464634923025
0.05309948126233774 0.054001812148533244
0.05213530654599096 0.05487480565368488
0.029933342950967532 0.05526070145515036
0.054461071320056176 0.056040450770010984
0.05549914382105141 0.05733779035946055
0.0572602292744899 0.057930723795907524
0.056358360108081575 0.058373662260447885
0.059063778880280214 0.059168654680756674
0.05250005366670902 0.059965446457816894
0.060220414958690203 0.06041085040168467
0.05131825193093438 0.06049935594316324
0.06074345084806808 0.06075657703388925
0.060628142169640714 0.06077198099208307
0.06021028216196636 0.060905096033187285
0.061202003623563414 0.061481012980632466
0.05637314582415286 0.06273024770838354
0.061370656554480964 0.06316521328639238
0.033191698907865434 0.06489142875615872
0.06486127547362096 0.0650636214719474
0.06454099887534996 0.06518102184020348
0.05624258839755021 0.06520433445868397
0.044533296316130865 0.06525554498470297
0.06488641790986743 0.06614848420027661
0.05670507660580644 0.06743093657012349
0.06859304846111122 0.06874312879408415
0.06349569396104066 0.06906450341832299
0.038720805971405516 0.06958730258842179
0.06948161547290145 0.06964970520833692
0.05881617614189152 0.06999896377492441
0.03129366116722229 0.07001425436765409
0.06378498196543755 0.0700409347646385
0.07119500311421886 0.07124048295750647
0.06314145879251626 0.07252244497308949
0.07342993786833255 0.07360445362639574
0.03737004902669976 0.07365568117701451
0.04849624443861132 0.07367203958083762
0.07042854268297667 0.07428585124574341
0.033827864950303946 0.07430454151305117
0.0603457677770312 0.07448564734878392
0.06292040860147315 0.0746662515101638
0.0747637691637603 0.07481561458733879
0.07173556855926598 0.07549517791345026
0.07527591474985842 0.07559083553357172
0.07615404309939841 0.07621454463274423
0.07613544854706203 0.07690539767877401
0.07381188163580214 0.07698721686948218
0.048455167305270094 0.07724067847156328
0.032313711395936605 0.07749694385607439
0.07706956055789249 0.07813404139120082
0.07475287569981869 0.07889305351783817
0.07910082027815653 0.07931620226629524
0.07560076337113669 0.08124221076774212
0.0813069071706791 0.08135400341089201
0.0764072071919666 0.08191497399567074
0.0784431135891468 0.08229954350594915
0.08273513239567251 0.08274128986597967
0.06437272106345271 0.08274266760840364
0.07352553984951067 0.08283828579999675
0.08295953989186716 0.0833386178585762
0.07594373330339424 0.08380087997132801
0.08401281842125614 0.08405972854344985
0.06671084154783975 0.08464162400550426
0.08259503202635024 0.08578905286668884
0.08321167539135516 0.08674417904725375
0.08313621487560616 0.08782396868104488
0.0867904074683447 0.08808469709250585
0.08481831854115642 0.08825919682916035
0.08801992974558266 0.08828972549724241
0.07777473259778822 0.0896995827625821
0.07317226110969378 0.09007649988603676
0.08857080911848747 0.09250176210927824
0.09371884297228067 0.09375705653239119
0.09306548634190447 0.09399317665409622
0.08409017324522841 0.09410993927065085
0.04434187671922649 0.09535396873904052
0.09697178945409832 0.09731600142193678
0.08223021915591484 0.09834869233876181
0.09696215739993833 0.09893703497277377
0.09549933711618303 0.09971553665905945
0.09843403930494482 0.09979488270671494
0.07794654141021738 0.09984429103118661
0.07470954127385343 0.10004013499870518
0.0983376888566562 0.10036047758064658
0.09189679265421105 0.10055719880371947
0.09796278493387563 0.10078032349811938
0.09703054420095356 0.1013213457724807
0.10164162600266008 0.10164474209421628
0.10322681378957174 0.10323137934993547
0.10322247037573848 0.10330700982357033
0.09603260573414724 0.10388388714046866
0.10402130431052359 0.10403302630301299
0.09053211234221833 0.10452986400612074
0.10504960296498086 0.107051257205171
0.10179302777508187 0.1076455577266539
0.06426041286549414 0.10794774255378038
0.0867899863867714 0.10806618867351332
0.1000648196977852 0.10921801158778707
0.11063854893740872 0.11065320880543802
0.07003527964792246 0.11112579175190078
0.1116646203151092 0.11169409774967305
0.09516983782146343 0.11182828203150302
0.058835950793695406 0.1118417209279797
0.10968786781094561 0.11296201471069825
0.09629476513356963 0.11447611911730043
0.08545888110961429 0.11533303404788271
0.10994142521414381 0.11601515189794162
0.10762231058831136 0.11627241009650599
0.07102031996029572 0.11652755524240156
0.09983253886564204 0.11719460485625367
0.11674161263815529 0.11861706002108953
0.1019990618876153 0.11865174574473948
0.09464116847769852 0.11960786197601425
0.11637261963421008 0.12168880810056801
0.07758191096954914 0.12364762946308722
0.12413329604414143 0.12483313752308102
0.11346569639723614 0.12554676170953236
0.08504953640889376 0.12556233673697567
0.12496747885908918 0.12685269482039122
0.10295402579763813 0.12692864120342914
0.10409837914982857 0.12749753758292448
0.12469716882028478 0.1287838611642593
0.13017461436898256 0.13061527488216762
0.1229598648902676 0.1316623072294155
0.12920068768765033 0.13235958297947756
0.126380968717007 0.13400831668528795
0.1145482025535797 0.13557673991839814
0.1364027766490195 0.13648387514810312
0.13621354067379027 0.1368223473353021
0.07414683963799294 0.1371172921993907
0.12662334940608416 0.13911009542736394
0.12264760405463804 0.13924408251320383
0.12275314206139008 0.1395207688241577
0.14088664515550758 0.14121153865068906
0.1332215902214101 0.14519949533572413
0.14328566911552817 0.14559876611428157
0.13118778956854965 0.1459743782651141
0.14341803978149179 0.14614997710736205
0.14173906580706472 0.15098586660281815
0.14642283943640177 0.15132281124473398
0.13673886515069084 0.15175291105189873
0.12421040512097001 0.15236508826090697
0.14569616647983652 0.15265630643506892
0.15314023613799907 0.15383113061444448
0.13886276261617145 0.15430016163644192
0.12352420524855923 0.1583244308809458
0.15723413979444067 0.1587892058388349
0.159691498849894 0.16082433571822333
0.11820822651400342 0.1612145081842873
0.1452184322193878 0.1618078509144012
0.10810722082162319 0.16256199714506536
0.11292858144858503 0.1659420714067006
0.16015727176638944 0.16615365455256967
0.16620463902885654 0.16624043503617067
0.12144318300788393 0.16638729466409388
0.14775593154744035 0.16662072387683274
0.16533986346306567 0.16712017841392746
0.16486924324936705 0.16795094219680892
0.15534243014543195 0.16827473030019133
0.1517093198957979 0.16842719494029676
0.13187198167230985 0.17005058017095556
0.16010748507904962 0.1705578684112113
0.17060061915278826 0.1707450394917385
0.15757041197017732 0.17087596155035326
0.059051976246757856 0.17180857740508615
0.12674901059937418 0.1739062321025249
0.1397851101546574 0.1742459231095147
0.07920733858324304 0.17646466137388536
0.1768734821157061 0.1795345867040728
0.16708609216353965 0.18032407192298755
0.1712119001781331 0.18131905135782003
0.1794569926193543 0.18244308655212552
0.17416776398284003 0.18259308699926757
0.18209113493822932 0.1848547611582148
0.18505919611761 0.1853278992782402
0.16424832045669843 0.18690161099799182
0.18746323365905296 0.18775030919021982
0.17339461894819935 0.18778363995566816
0.1467367304688274 0.18780914254576153
0.1526673714545924 0.19017434167764605
0.1905605109082002 0.19115979668310154
0.13940462277700597 0.1913908027658713
0.1791241477257989 0.19198721513128433
0.15043943963735967 0.19292193690279685
0.19107177866424052 0.1933386477475078
0.19228112883188647 0.1933717518060331
0.1831066168675305 0.19585433363345894
0.04862372513773691 0.19598293364822647
0.19845263038436461 0.1989296897202359
0.19434589733243693 0.20005357153702596
0.10369622053967703 0.2006136669163691
0.19937355812076646 0.20085421231585762
0.20032533084491133 0.20179252219156968
0.20008113038734412 0.20185217423884758
0.1973224028543687 0.20190837989595728
0.18725119545652985 0.20285518251382162
0.20254644388517445 0.20468677940226654
0.2026593208041734 0.2062996741511904
0.0635498932760566 0.2067574240938614
0.20961628672907667 0.20979905299368956
0.12342197166015541 0.2101361263971765
0.20560409544460334 0.21083849415868577
0.21085204662146587 0.21108495183484619
0.2093445074580562 0.2112905802408718
0.2114794571678524 0.21190020265635637
0.2111083306146364 0.2119126455432044
0.21217899592099307 0.21222201246548764
0.2079260119673093 0.21273844669666755
0.21020903070288877 0.213596702422434
0.1914251767367599 0.2139278283300982
0.20681735083719444 0.2172512444175901
0.17738609370736436 0.21763198948681733
0.1962985347209708 0.21897072203969767
0.1983605606419195 0.21937195977572627
0.21008230838770817 0.21937972021494775
0.21947937992244776 0.22191014042059307
0.22104175400619905 0.22349304686628232
0.15316741621549443 0.22457679794124683
0.20493455546424308 0.22473094283799372
0.2122667708073421 0.22495609605038652
0.18280635440680282 0.22958505579783348
0.21444553637765304 0.22976173506508907
0.08560140539054632 0.2298199588001201
0.2192501815518193 0.2298987795974814
0.2095466044971422 0.2311150204636248
0.23059395265926963 0.23129717182624568
0.22095917444504304 0.23190745628067316
0.2231469737107472 0.23415003250851366
0.20050877159186542 0.23589832485698276
0.14910616247826103 0.23618911066626289
0.21855596454351728 0.23711660291738182
0.22767774371624966 0.24274895278951086
0.22976509968639042 0.2443567752223405
0.23298407054754092 0.24744382779794022
0.2414430401507186 0.24996250403209153
0.14735587952835755 0.25007141599359606
0.2450332593035466 0.2515748611024138
0.23635867548968265 0.2519873810131752
0.2553074766059927 0.2553297175111963
0.1555836781663516 0.25707739905314
0.2542542127072864 0.25969381956414
0.20489066761116123 0.260860087105419
0.26090931453945576 0.26097412153869753
0.17828547563549468 0.26189568607006886
0.23428739348077204 0.2633277309538101
0.17221601146542428 0.26506136855509116
0.19283303160978055 0.2651318763350965
0.26555836994599863 0.26867126969926264
0.23241301834977712 0.27128774744150236
0.2712831436539767 0.2722551087324496
0.27094328212208024 0.2724314851006436
0.16665697878086766 0.2807988982485931
0.282976669498094 0.2831390168587331
0.13958407221205035 0.28712908730168174
0.28749154491541795 0.2878518876814833
0.27390041946358396 0.28889945075601425
0.21158183946242343 0.29435021727377875
0.29447257668306837 0.29630095092323494
0.1273199052588683 0.29643250833962254
0.19764827468503288 0.29930679701721685
0.24596485601427648 0.3027128492562654
0.3035098026118008 0.3053350938518737
0.3056888445827834 0.3059642825210287
0.26970253538329214 0.30952094236658695
0.1971934372433803 0.31024403346866564
0.3085579905983623 0.3115223421199246
0.2462972520018479 0.31332596709785465
0.1491263202959304 0.31372050703706034
0.31488880403927144 0.3157195235702288
0.31672048068250674 0.3202081156952336
0.31693807500477394 0.3223065283890823
0.32243491835874405 0.3249539449133712
0.2814510191724938 0.3260109887400279
0.2966809203397862 0.33048137678544753
0.12835331010075776 0.3321759633840868
0.3335588281074328 0.33602223961041705
0.3093609050073934 0.3442144342200125
0.3039396777428427 0.35009606781815855
0.20269178264659762 0.3506983389822402
0.3161627858189425 0.35407657626181094
0.3541396515705495 0.3567710648915904
0.3569603737468209 0.3569873018952203
0.3651850272332782 0.36526791013780796
0.3071688007311904 0.3676268635992112
0.3659739395568983 0.36866147519961423
0.3841424384192836 0.3853632443608191
0.28019072545877083 0.3905309029859475
0.23569624852617974 0.3920221018920646
0.341981885344902 0.3971670941352897
0.39768224581010386 0.4012718382740622
0.32024138969458205 0.4034868110764082
0.41466184974292825 0.41506184065673885
0.4161108636921992 0.41967402029869355
0.40220154249090556 0.42013407447918644
0.3682682162541374 0.42491759849139404
0.4269479732126356 0.4445680240422238
0.44240110908349084 0.4468546050009053
0.440785409804426 0.449096814263808
0.4384201504971057 0.4496196911966732
0.3945312573098845 0.4557576306570838
0.42434873214005153 0.45798690580263063
0.4011708178435474 0.45944376688837285
0.3452578335451376 0.46207378476615685
0.4389503894246978 0.46288760053216993
0.394563662181331 0.46594485487857096
0.2809194743533098 0.46909112110315954
0.22014545443021064 0.4752883468011887
0.47381209064818514 0.4755580803360944
0.47702247561597116 0.47764688751081996
0.43359811193797365 0.4794289284196298
0.46651540301421246 0.49395416588537877
0.49758856175488186 0.49788986283066267
0.11842675124640925 0.5013922779335329
0.304979328322476 0.5038100099859205
0.5074382359840452 0.5078951470618328
0.2645226253718004 0.5104720911913886
0.478102308368308 0.5114267677860281
0.5171183364889413 0.5184681845055504
0.45615482238119426 0.5198740678370821
0.5168819922837606 0.5225077735018335
0.22542954131103862 0.5225351886385474
0.5344004740833712 0.5347727429322038
0.5285901696984444 0.5358519657836296
0.49220728465027047 0.5383877684443334
0.5206775963340459 0.538467372753559
0.18650867557236966 0.5406620114517755
0.32060356802758294 0.5449926541352202
0.3032242438100714 0.5469768236662719
0.5521770028399353 0.5526653989705631
0.550828628417109 0.5528019710008517
0.27600306062994256 0.5594806556043634
0.5598667777301091 0.5622376992406981
0.41311370156221755 0.5708882849846652
0.3251868720621413 0.5718203686296663
0.5778309619348632 0.578741618185765
0.5452328432366874 0.5791129672399352
0.4594393851427596 0.5829268007671515
0.583838619830672 0.5849338640177538
0.18944084345012524 0.5856472387795923
0.5857847000783912 0.6094218354513317
0.32488955953843235 0.6101941037942884
0.18146176796875907 0.6490144212321836
0.23474104258972536 0.6575522179361413
0.6576990992731673 0.659972719335085
0.29628743372668614 0.6657984472039076
0.6413861800587537 0.6711139937205253
0.46299021812430374 0.6780759177478091
0.688215243311796 0.6894611280655039
0.6898540456100609 0.6898540715108495
0.48742936772282414 0.6909703615395876
0.14966443261094625 0.7049052968897146
0.702922027819546 0.7157373822586036
0.7606052921124563 0.7606071768323628
0.28137289945313926 0.7830286807358334
0.6778633892873476 0.8219835218313499
0.6324177364661712 0.864045261739841
0.19974192181473127 0.9976336566383849
0.2123530944812963 0.9996705106962261
0.13981235119029667 1.0441558227702057
1.037520067086735 1.0453715089356788
0.41941358466866685 4.000002631422575
4.000055407062762 4.000055569319302
