0.0011229651919620485 0.0011413122814893473
0.0011972426648072692 0.0012060632352825862
0.0010327119728669638 0.0012166372297418222
0.0011603338630014302 0.0013480119119560585
0.0014203788803041726 0.001545260667936651
0.0016947963251739086 0.00173019491892773
0.0018959503854037375 0.0019270124521392556
0.0011598302027093115 0.001957165015326826
0.0018360187500724462 0.0020073009416885362
0.0022312552244801633 0.0022312636817958796
0.0024135039358653054 0.0024790653810729505
0.002631664979172046 0.0026401686375157607
0.0025997441672044796 0.002684597317980536
0.002844181817271521 0.0031886935099167462
0.003315876211759641 0.003499054320121387
0.0033225191429638716 0.003507069286203392
0.003283860785455312 0.0040806315709780204
0.0033862000947385467 0.0040877555197356575
0.0043185521963182 0.004327108270735184
0.004150006011499471 0.0044381160308513724
0.004459548618011944 0.0045130463406926795
0.004520680940127787 0.004654429849873615
0.004522769631290763 0.0047326384634283234
0.0050454198522403345 0.005112269918565857
0.004874392968083972 0.005136739115506521
0.004890653438500428 0.005262821043642921
0.005548263971519488 0.005551997281335517
0.006565209008276186 0.006634311162591898
0.006873042998216575 0.0069587316439615405
0.006956664149237356 0.007085105562575421
0.007497140388735985 0.007673332827074572
0.007033806204853645 0.007712546447894012
0.006562274053719417 0.007763476174411723
0.006660512545821534 0.008220075151666274
0.007615272105850744 0.008238661176738375
0.007255658130247812 0.008586285529172172
0.008168198889922653 0.008715129018126605
0.008140726145587371 0.008900406194303143
0.006977120491712124 0.009114037805537113
0.008002297666997863 0.009120703282495915
0.009085329217031545 0.009293227698645202
0.006709403000837617 0.00957143192193778
0.00649611736226313 0.009707573583874484
0.009792084274840521 0.01001176797836667
0.010160114875461418 0.010181501535196338
0.00968683597725811 0.01070366987528668
0.010494181665159679 0.010709252306714068
0.011718215291364976 0.01177323959250766
0.01105661722243656 0.011851162377130237
0.011515324630476715 0.012121397282386278
0.009321446224626554 0.012842355787916452
0.010531488476693896 0.013318180585632656
0.013316064520116641 0.013410528943624423
0.013332353271993676 0.013586564608823988
0.009102366863813128 0.013681839621309196
0.012956039870965594 0.014256434590614524
0.014088714455369997 0.015315732046225558
0.014392777041252103 0.015858384496424332
0.01556030097134038 0.01622425884914508
0.015949055914179194 0.016766898743436405
0.015582487681157355 0.017082040546609608
0.014482300389384762 0.018182935390623673
0.01801015910708478 0.01822134622761124
0.016074851316499827 0.019075076973991887
0.017574239054545304 0.019650473000501673
0.01882361673850962 0.020507446194036386
0.02096210603264375 0.021404352858852574
0.016956080469512896 0.022054085647214273
0.02100572271855218 0.02209977699148642
0.02209102150778575 0.02223095803639271
0.02101432484572828 0.022736796814735047
0.022697954708256238 0.022780649324799493
0.02133729110499559 0.0228209895011756
0.020577602503327415 0.023110465681752086
0.021048876794263607 0.023135033030109182
0.016863595326507535 0.02314401370882436
0.01982713153629579 0.023152439030709283
0.02271783390745365 0.023196624067963665
0.021894391362558954 0.023202907435114346
0.02330535947215884 0.023646930414208227
0.023297486144553917 0.023969907752145952
0.022752732348618954 0.024308685917696325
0.025145375135900937 0.025366522671044483
0.025669783328743232 0.025682913167475344
0.026243629221831537 0.026649260731543122
0.022188636633954886 0.026792283559132983
0.025103522319946336 0.026868446994660664
0.02670899785752339 0.027323545644535818
0.024627701171261913 0.027465329371753576
0.027823430237265478 0.027999305296914183
0.027184266426867207 0.028016710291080233
0.01834739984270188 0.028606225866251694
0.02836502278621085 0.02868237566041519
0.027397752685631556 0.02902660046062598
0.029216124028783017 0.02957016223854556
0.028827077758410657 0.0298711021228489
0.02603860333656122 0.030339514598754738
0.025098857845199767 0.03052727405065137
0.02970848413820313 0.03139755093761137
0.027731596689380404 0.032491425883511456
0.032664882195764675 0.03327775811728373
0.03150708665497133 0.034600221322530794
0.0359071269248215 0.03591172994167564
0.03396334085308321 0.036119988329613904
0.028978135172357936 0.03658092827767086
0.03181893430796304 0.037151370810844145
0.033437772162658704 0.03717995443034337
0.037517399152019765 0.03932330515146638
0.03989034184450904 0.03995351418335483
0.03129627212783883 0.040654030334566334
0.036554277826322444 0.041014786402685584
0.040849849300462863 0.04271304796862785
0.04231244425185906 0.043250032326607624
0.04328538658947344 0.04331901345587389
0.043626987267857915 0.043657691811915714
0.043523367482536504 0.044973754186814825
0.043986634923335925 0.045767900265816716
0.044569709241762734 0.04649663251692889
0.04671040917587433 0.046947240046392884
0.04615110574549761 0.04729962584217694
0.046346124855279947 0.04733283630490706
0.04747662244051878 0.04749145987778525
0.029337947723555146 0.04807855401621958
0.04815394924067354 0.048502009565963226
0.0380278421937266 0.048680701282547145
0.032417394419065916 0.048771554899057254
0.04668099836376998 0.04893820704721073
0.04871783437147527 0.049284541004637104
0.050037744126011356 0.050043477993100556
0.05099103736930016 0.0522917774154922
0.0519749850603343 0.05239512929518082
0.05310709813876531 0.05312274033067036
0.03408104612600176 0.05315606820596697
0.04843260468073339 0.05325920218553609
0.05190197048117284 0.05326031422614373
0.04980608332735193 0.054799955638756205
0.05139847445182715 0.05534644314902548
0.055027315904754515 0.056381777583934485
0.024765058106696776 0.05750594925650958
0.022815234765209018 0.05796641190627707
0.056472111588157084 0.058138645887391836
0.047198916752525244 0.05877221969435335
0.05469192014575385 0.05960177069819244
0.0413063893973042 0.05987861279271401
0.053602764542392815 0.06090088168370616
0.05998967670036363 0.061129147674421756
0.06111081109164595 0.06165202388250381
0.0588354604442633 0.0636093890700029
0.06383678878816053 0.06386450419644531
0.05252986397425724 0.06438440702935835
0.06210322545736354 0.06440502267525261
0.05208779882321636 0.06441262225828315
0.06603867770511403 0.06622234126966824
0.06038648096443655 0.06646926842136681
0.06061129555968377 0.06656511514806027
0.05820537244784383 0.06725178396420922
0.0672772545739641 0.06863315145767489
0.06872695319604241 0.06880341397480103
0.06870165323412246 0.068856159461113
0.06852740436690755 0.06953688446431759
0.0689219857971695 0.06991932136438776
0.06062419932603214 0.0709349795956977
0.056199779135219584 0.0713141952419491
0.07142206295621953 0.07188617314908001
0.0714368208737344 0.0719955887007657
0.06552854890527367 0.07413165057314451
0.06848026368008489 0.07620603686223211
0.0639344587136058 0.07657862243065812
0.07699277667488244 0.07846939652291053
0.06347120843755517 0.07873076923388284
0.07706611339795506 0.07995422854040021
0.0711812080815436 0.08003336300099811
0.07532271848423834 0.0811902657648702
0.08005252399142729 0.0819565650455733
0.07519384239958746 0.08199948139478848
0.08130256022845976 0.08252831579893322
0.08250199864644638 0.0827464891397425
0.0824882748472569 0.08391807670670835
0.06428792791803471 0.0840817832715624
0.08070726755149962 0.08414033086926079
0.053903685113631576 0.08496173259312001
0.04290570595851724 0.08574131507069312
0.08211337125586882 0.08610276725453898
0.08063311136897738 0.08646650744137448
0.08498922173009449 0.08693415076886092
0.0536274787801628 0.08721857810039438
0.0764965633683964 0.08722963272904463
0.08633340911669464 0.08745924507186291
0.08920001165176053 0.08925124578509949
0.08284782216599172 0.08934164612804256
0.09113410685314649 0.09163644602165477
0.0834271910438919 0.09445258683363263
0.0947478304851896 0.09486051077825966
0.09037156222978507 0.09587190835255648
0.09643997028233504 0.09645300198066843
0.059144279803518746 0.09887888107633579
0.09152329342116676 0.09934657010476491
0.0727349368278839 0.10142775245573508
0.10171922960345214 0.10198390003208321
0.0680601903798049 0.10384553861136435
0.09205143611297485 0.10414537015572478
0.10370950223451543 0.10602230044024702
0.10052803655394772 0.10631016513624654
0.09792031517813264 0.10667888081675928
0.1054991642933421 0.10717918110587836
0.09396562454271663 0.1071924231905812
0.10805618191057206 0.10807303440504247
0.10732251475548962 0.10856321638878459
0.028764506669694538 0.10861368179625674
0.10869254406927853 0.10874453604622468
0.10562540812621994 0.10904344707141045
0.08106739268454224 0.10941301157388446
0.10286177367265771 0.1095492320685905
0.10979291304970853 0.10979302744785083
0.10897158251067036 0.10987529597742368
0.10984876018684123 0.10997045948213145
0.10275588876375087 0.11014653370310955
0.06855252573267852 0.11094449161803732
0.10614949212989959 0.11107847176139742
0.05616716501327868 0.11179222665465212
0.08517499675443814 0.11286078933870901
0.11018348177685314 0.11365201990027136
0.10628948387385753 0.11426046517281271
0.11427667139409256 0.11448997196960853
0.11468633651395069 0.11482108627589763
0.06273701724955046 0.1149638322225656
0.11643357357118624 0.11645711299538042
0.09282767230623483 0.12222074646795633
0.048747821630216175 0.1231068923976401
0.12136278602353714 0.12351095657788388
0.12214357435529591 0.12391787647599545
0.12288689810622161 0.12431036888706883
0.11036094603615974 0.1259169597890782
0.1251396191222558 0.12599332996769227
0.12420046558537698 0.12603299432822374
0.06378281407253444 0.12645021842480086
0.12455985441464767 0.12716716919383964
0.12946213089022535 0.12967500346475394
0.13161137286328525 0.1317686253362105
0.12432064037382547 0.1319829833737555
0.13014751489182005 0.13218548360980462
0.12709850449293364 0.13429479781068013
0.08940351352046036 0.13562102616543845
0.1372880204929295 0.13767502284350722
0.13540864932559096 0.13792043085081399
0.13862277147240984 0.13867947499219546
0.049525742975565 0.13925917827988415
0.1238962899609989 0.13943257481255467
0.14019174275126267 0.1418947715008378
0.07766106452588976 0.14280305680948596
0.09626745401512822 0.14407967288917453
0.14392472774832354 0.14504699259067277
0.14506335892793248 0.14510913944994627
0.1414051485817118 0.14546920497018884
0.14457901634932036 0.1458280737933434
0.12112370986452566 0.146690129978672
0.062407650538649016 0.14772769386107362
0.13139619537581776 0.14921243673694548
0.12058049084011202 0.14977891686353334
0.1493706307992424 0.15064484992219057
0.1446825964328425 0.15247837718645138
0.08261410737352391 0.15802855524197235
0.1595446871333525 0.16051093814624506
0.16125013538447747 0.16284117403324214
0.16092146125122114 0.16411742227871204
0.15137861600026836 0.16625945528765618
0.16642030703152128 0.16671271707059787
0.16643636818726879 0.16680963549828332
0.10376326860830025 0.16953052279542363
0.16976435585575564 0.17215429696586587
0.11193021970194267 0.17539084246180286
0.1648473735285938 0.1755173208962199
0.17609368940119535 0.17645943833506128
0.15973580899889292 0.1769322942270654
0.1694441415783484 0.17819931080397822
0.16255499866043716 0.17939161933996484
0.13927467043284536 0.18127813689336572
0.16113772676227342 0.18160413400732442
0.1795395547688951 0.1829342160793422
0.16170960044146546 0.1878908099556496
0.13028288225924708 0.18880829791023515
0.18726796678469146 0.18972193829468798
0.17858599285490315 0.19219439725905416
0.18564101430491783 0.19435800508692766
0.19483836137542465 0.19519103573839988
0.1824720271837216 0.19633963603458363
0.1963966388960545 0.19657213964919443
0.19405686336775402 0.19659801143072597
0.19767987578826632 0.19843578276525478
0.2012583560127311 0.20133052357993633
0.16204947068809303 0.20259158654418455
0.19434521213631883 0.20347657640238173
0.13839195061475776 0.20466679273473906
0.18886948310357246 0.20483672383680115
0.189553365698589 0.2118834644824211
0.21199366832423058 0.21448126634847467
0.21504989644927303 0.2151421500296131
0.20550391494632947 0.2152754968662534
0.2084070016774763 0.21612933920116684
0.21637393026808313 0.21638707805288068
0.21562095504483553 0.21834671932581465
0.2117417133668055 0.21865763775149766
0.21461371506074267 0.2194767258103821
0.2195486740011769 0.22094660547433242
0.1578414814271703 0.22128300147717042
0.21749686806807694 0.22229930134760337
0.22303509418047696 0.2232295048212583
0.20492971403873772 0.22655628006679754
0.2206324768077483 0.2284114717472689
0.18726212699423303 0.22885385306604739
0.22807719137703727 0.22895743602914223
0.18792376357292506 0.229542209038138
0.20011022532225184 0.23156453138924393
0.1644902965951329 0.2332126910626037
0.19139681741491554 0.23374924201145744
0.23323189345074036 0.23438021263304173
0.232865073494533 0.23520482133266538
0.22596435291472605 0.2353760274413568
0.21376065121259866 0.23565111400800384
0.23744290924692052 0.237995466554473
0.22375988967424576 0.23936828141978833
0.2367165905718363 0.23967337651111834
0.2303470391893821 0.24031712774289138
0.23185771791413423 0.24145900636399595
0.22168870582366912 0.2419067527695639
0.24118989913836605 0.24386517597098079
0.22918197178769986 0.2438909127001999
0.234633673578937 0.24402030301825642
0.23183315135258575 0.24422210613770542
0.07668198681767013 0.24676339929781044
0.2400434916250946 0.24782937805946273
0.22809103878714684 0.24813314027960337
0.24625743344425166 0.24833450754881797
0.23310477164977297 0.24915943371745464
0.2471305387325471 0.24963215451588827
0.2508937297878159 0.25090725669896125
0.22680759540750295 0.2510353259007726
0.2031985845708177 0.2518300842693036
0.25035611578695194 0.25272333061273217
0.2509982526177309 0.25364116499739464
0.24867855975666844 0.25511517420915814
0.2566386072985176 0.25678299009863126
0.2091412237245917 0.25797352649185656
0.2266844446883939 0.25901517923116046
0.20981058591701857 0.2594288260631929
0.22070312856476348 0.2622351376379731
0.26219439667513783 0.26260824043270603
0.10313928790412286 0.2651625913960903
0.2694239021889434 0.2717140688906516
0.2662984522131217 0.2727411554225781
0.27111257495950153 0.2746590320033363
0.1325604984704257 0.2760580490728713
0.2528720556460554 0.2787785493336882
0.2715126640031035 0.27888606622054307
0.25835532888617974 0.27960587199429754
0.14411531984435907 0.28184907894793987
0.20634613305575186 0.2818854756447314
0.24570114603937893 0.2822088177100486
0.28114841637288274 0.2838093169727245
0.28414175965878075 0.28454993234078907
0.2849614436515567 0.28628725539015065
0.23130751056624327 0.2868899374528857
0.13540469272752872 0.28848802644739896
0.28995360368499185 0.29112423299868595
0.29248085547400043 0.29266732706093546
0.2950435483418447 0.29549201222012256
0.2817541229943382 0.29622932646919325
0.29775648144693295 0.2979402629377565
0.1504605000375592 0.300693088901006
0.29266024456367634 0.3038394528522547
0.2929218067701338 0.3049234271008082
0.2919666999619489 0.3071915603732071
0.30708316976603806 0.30719606745483585
0.3070724591314804 0.30747525240213586
0.3086389878856391 0.30921382283200416
0.31120379765790646 0.3114546723892028
0.1449099213782197 0.31189464970829917
0.1573441726554406 0.3123025272985937
0.2227351874575161 0.3131314151450785
0.235543911530175 0.31413661269461024
0.3072583484406481 0.31420678375952693
0.13855519498467536 0.31683164602791347
0.2789078826173118 0.31955257545035054
0.32149487608610955 0.32206585490961775
0.22986786197575465 0.3232313298979727
0.32364229659999205 0.32365685566279845
0.29744388073665584 0.3238996994403041
0.16821549411120576 0.325775669281879
0.23244900419018888 0.3263426758168912
0.31605264730747007 0.32867511974109104
0.2660142811497755 0.33009609150797437
0.3305192096121127 0.3311529588480597
0.2622360162105061 0.33302891630868814
0.26962700344975044 0.33376998983554357
0.3328911389651705 0.33499966426941163
0.23175143683642535 0.3354319998119401
0.3132080508558906 0.33554739998106126
0.18846408641573406 0.3361045256449438
0.3330459033105626 0.3378781829049719
0.1294804746103731 0.3426092233656229
0.274813967104934 0.3445077573138536
0.34857460188433975 0.34890232590317266
0.33223173139444145 0.3496854440359154
0.2819929925677503 0.35627165803165783
0.20258106934559975 0.35954988211891153
0.357672573172127 0.3609897336385733
0.27571493935348257 0.36418876396720556
0.36682471715629467 0.36812538325663635
0.30528312907571953 0.37103050562044143
0.34507518879945587 0.3721207088195971
0.34292345688826736 0.37522227607453845
0.3751125757314701 0.3760733048930195
0.2904894961514541 0.3796240425479886
0.36829062707172827 0.38198433362232076
0.29928214808197734 0.3843475584591188
0.37937471736486544 0.38543897139392924
0.37631014189172773 0.38934055343248414
0.1614995460237156 0.39348570081997447
0.39035564690374697 0.39477372738759475
0.18750400461121128 0.39524448723110617
0.4005126938550215 0.40150509789214256
0.4047847123105216 0.40530061970677206
0.2054811885939471 0.40665142296974466
0.25778386028797134 0.41036610317716465
0.19415497643898058 0.4272125879345176
0.423108702638114 0.43824266893732305
0.4444840606085404 0.4445975275182576
0.10069141841733525 0.4459685881604011
0.2451401334107362 0.4462160684136575
0.2502340306406794 0.447266046424052
0.43141275024072034 0.4755362965376712
0.2656151424582415 0.49321226201098645
0.1841364274043794 0.4962957228060241
0.46077119374229236 0.5024820898784348
0.5035916242390136 0.504001240783161
0.21378940621787473 0.5114109065947724
0.5195967795503161 0.5199600391014823
0.4557372758116887 0.5276900128161987
0.16099892300649435 0.5315095829632902
0.1661362996707395 0.5323393627405075
0.5035599867331171 0.5370265067500601
0.537894465099473 0.5416699519475294
0.5155709911405897 0.5526420228965069
0.5500670347010977 0.5539995617076434
0.5629899717942487 0.5633352621319773
0.559686555385467 0.5645087714161019
0.5595993944622689 0.5756298570810042
0.5429497676043736 0.583467609118122
0.515543025622701 0.5880496238063335
0.299193249314062 0.5882826010699355
0.5006371810277095 0.5968260325958236
0.5302353273716034 0.6082039461164882
0.34214528544981115 0.6217368333512968
0.4521805767313871 0.6714626695499016
0.6581100013468084 0.681138360315311
0.6639295623729723 0.6850684696178501
0.3950393732567008 0.7019943690213686
0.18314778914316027 0.7084323202536914
0.23110879036760093 0.7153689820175012
0.700922520243766 0.723810463468733
0.22669094141580282 0.7327084282324545
0.24497351315331614 0.7635859780213947
0.6679921845727803 0.8362315264268962
0.8269807339550919 0.839795460927679
0.20113109073040256 0.8454058307439287
0.19471341448991436 0.873253030452424
0.889346501591674 0.890396384025345
0.17474949525043687 0.9039977074684673
0.9238258761773372 0.9281713381199553
0.1706801560028694 0.9344320787301127
0.5864427458247442 4.000000879600277
