3.670643296667788e-05 4.083564527422871e-05
4.8213611027634306e-05 5.019820160974088e-05
0.00023150381767005323 0.00023693166404474704
0.00031877457400108903 0.00032065965046530054
0.0003647687864528412 0.00036575234933440483
0.00042228885933486005 0.0005026090159113332
0.0006238191908983703 0.000624062791577661
0.0009644596684208252 0.0009973598621505998
0.0010460261706332736 0.001046095230803254
0.0015159299405061667 0.001656112631419678
0.00172194071007322 0.0017448044359730684
0.0018043653855743262 0.0019111885062209402
0.0024391615397930957 0.0024456022497645873
0.002392695584803075 0.0024873642398548935
0.002697387455317881 0.00269739109965179
0.002584854819367024 0.0027214416537412744
0.0029385397309529718 0.002948244656481749
0.002751734772134974 0.003078323247852396
0.0021936463028702775 0.0031286833007388632
0.003048316212858975 0.003361872955964169
0.0037210873676670492 0.004056445001973578
0.004228358158727971 0.004228360454074139
0.004617019423718968 0.004870179779589891
0.004863819634118078 0.004879300574309888
0.0038372284410127027 0.004882532299584783
0.003780708693236652 0.005550098376977106
0.006106571029981142 0.006426549724701067
0.006502998503612157 0.006539145521011533
0.006173719599332432 0.006763110615559404
0.006984470321453806 0.007128532015832567
0.007416844816922652 0.008040382723333624
0.007854410826085225 0.008067718641717844
0.008160549359484915 0.008697925992336094
0.007773256144451754 0.008713866775259605
0.009010900984574362 0.00908925955794118
0.00903082335416504 0.00958986114956849
0.008728416708567024 0.009808004922331286
0.0068788362676341155 0.009811605897106047
0.010934427634137055 0.010934481407260752
0.007391115570242839 0.010952941900017006
0.010325257120639204 0.011064276726062297
0.00856288965565645 0.011118594518444198
0.011616946274060756 0.01163375904548792
0.01187246480446155 0.012048743421484091
0.005569935015666035 0.012285684351026565
0.013383818267715156 0.013646052032939835
0.015226883730539152 0.015228615121368918
0.015432327657579105 0.01561606158051805
0.01575643883722056 0.01583585789889089
0.015340327156624443 0.016092716503018054
0.008636306448660735 0.016135490975166106
0.017262588435010794 0.01726402078997069
0.017037668678888757 0.017508809696057104
0.018661264936400253 0.018856577306632885
0.01838199881982893 0.019837868090617192
0.014590510482623055 0.021506151476544732
0.020998797448749988 0.022216133784626613
0.021567910592028977 0.023066019328258764
0.0231463899923161 0.023763236049995085
0.026170567181638738 0.026832469331020018
0.023511344948795424 0.027069264570572266
0.028557173272191372 0.02856382379574943
0.02893828683743427 0.028938912953321537
0.02788898299718639 0.029204903446925112
0.02794510372447683 0.029219913367826485
0.025034532554333647 0.02932870929695202
0.030453402219650472 0.030473254352419578
0.023678104682877767 0.030729874467794217
0.03109484784373717 0.03154315768524742
0.030732029247896007 0.03161318379872752
0.031089896663229394 0.031833851724905875
0.02922679243802081 0.03210258226846177
0.030800684760008624 0.03257375690012392
0.033865970700864584 0.034197976744322164
0.03462281598730069 0.03468480082370234
0.033679820713757705 0.03468637326283538
0.03415797659385567 0.035058745478598066
0.030471240474990568 0.0356227468279494
0.03598422770951424 0.03613004065558954
0.036617862296789656 0.03674094455216898
0.03367864767419818 0.03714539062311543
0.026652952826656067 0.03788408891914614
0.03573907091292613 0.03814580235547996
0.03356975668825883 0.03816288507037048
0.03690784145884565 0.03838110127852507
0.019911635002906762 0.03867596301898868
0.03731464008151178 0.039076153187733186
0.034860674385908424 0.0393613459931841
0.039201116394371426 0.0395226856380392
0.032096391981202045 0.039590081446493695
0.030279397637999306 0.03967117543344043
0.023641882750594943 0.03995937691520762
0.035590147065661396 0.04006441136659483
0.03921573510660054 0.040182904221404796
0.040628195176669 0.041494400601674766
0.037758643112138585 0.042846372256441737
0.042852473966320255 0.04289428565312057
0.042307168350911334 0.04307409790655254
0.04354136217515163 0.04370732166288993
0.043265295106649594 0.04386543863974821
0.03218372362961899 0.044022045281131475
0.03576116877444638 0.04538102937722964
0.04392138216106785 0.04566333275782113
0.035073134783443136 0.046789216414675074
0.0469490412006078 0.046952981033358765
0.04712868412057063 0.04719416887703077
0.046335429723839826 0.04740994863357088
0.032987274449597065 0.047685863370244996
0.04825817998947421 0.048294332016560415
0.047292283295622184 0.049602198575635734
0.04581543304215485 0.04965765545888332
0.04299344738018622 0.049910620670292005
0.050387351964944246 0.050728854015443685
0.04153531965259319 0.05104970177972
0.05124184602043323 0.05154622449234274
0.04675391301482163 0.05218696128673798
0.051652761974094255 0.05230433737210464
0.051896128234055844 0.05231231578528204
0.04937999319114746 0.052490974231421766
0.05161352633888926 0.05349917632534397
0.05219305255383374 0.05539034334337922
0.054950372635027084 0.05552012514134437
0.05682972334055633 0.05695459607550136
0.015686484960140912 0.05759739412344324
0.04786649066671028 0.0584199939690597
0.058231287502570894 0.05855506647393773
0.0577227698296436 0.058974268256267184
0.05683190928730094 0.059301084213775626
0.04772704742376031 0.05968870541346998
0.056793278572147575 0.060616864060958696
0.055188976614140954 0.062218633188668306
0.051317404823233416 0.06244149668165743
0.06330105069895044 0.06350147579511492
0.059375492075798696 0.06434234190021196
0.021630842833391173 0.06524506613337847
0.06095847697610261 0.06537044558045396
0.06458540636854385 0.06572231253469285
0.06258936455728693 0.06765899175848596
0.06792329407797791 0.06808247427543612
0.06464913818749918 0.06835364794216021
0.06685116248192828 0.06840563113955091
0.06450170103678662 0.06934850248293882
0.06985716276886868 0.06986097786866194
0.06564309389088242 0.07028580734293491
0.06302481603247335 0.0709038403285381
0.06846841116062563 0.0724485791572374
0.0661272629181657 0.07272821912966262
0.07363133989586394 0.07364105430821277
0.07034951042785775 0.07379675715053156
0.06841746320349304 0.07396223861000596
0.07209048406015586 0.07398470811067787
0.07564207972313733 0.07630524424024202
0.07626667709331339 0.07714687772665786
0.07643196452331243 0.07723668716750728
0.07755561344289377 0.07760011633543797
0.07411006513342185 0.07792701501077456
0.05474219574676074 0.07891076006826825
0.05666035415600633 0.07892628187483292
0.07081580295838788 0.07945975415732356
0.07527043304760805 0.07958596859971026
0.07635313801305656 0.07997136078386508
0.08025604506898158 0.08026702789818688
0.06764123279627636 0.08032962876747303
0.080655976254073 0.08227776265144465
0.08229175850168546 0.08229186556331687
0.07488607054380048 0.08229241221906898
0.05161975799861036 0.08229497957807756
0.08110641146958719 0.08248107844915462
0.08075178576883202 0.08289600762621731
0.08357571235655324 0.08427110426998499
0.0850128688893581 0.08503088905389249
0.08520195692320152 0.0852123109834095
0.0813106174505258 0.08568566692047982
0.06877271143155089 0.08637297912153936
0.08564886105414368 0.08644612692907916
0.06926789491742397 0.08869220445540335
0.08903123512113438 0.08947699038465926
0.06337331836072446 0.0900548567322025
0.08944222185536568 0.09045924696118242
0.03268966949978195 0.09055603847333829
0.09039199268346389 0.09059904563771694
0.09109687513654253 0.09130542871084416
0.08439501387925183 0.09417329147592951
0.08148165578023088 0.09449676299331586
0.0867465128206039 0.09483949333234795
0.09411834965507433 0.09508532754680506
0.09467256425656166 0.09538884283135898
0.08876546256944431 0.09555212941787752
0.09200598698970162 0.09580580618725594
0.09585203111495429 0.09590935441907875
0.09444296417498951 0.09751237856897854
0.09327550327915253 0.09837762996947919
0.09854072336469898 0.09862886531214503
0.0988828359431201 0.09891527586902708
0.07733535163676479 0.09901965750907467
0.09706657384560169 0.09910493755341535
0.09861022258854747 0.100372863600039
0.10026255931588748 0.10082004269996299
0.09994817996641087 0.10088908808740733
0.09853431528994602 0.1016609444305152
0.09362759074322033 0.10187320260634465
0.08219778524193751 0.1030088273557382
0.09510302177823304 0.10322870952311514
0.09603829513763838 0.10372952141111967
0.06881982944366578 0.10426115271038898
0.10505379332932527 0.10513199226734062
0.10487806237331533 0.10537249817143572
0.09452171365087571 0.1059474846741588
0.10650102968486941 0.10650148634506053
0.09333026675739942 0.10700226364074335
0.04285218930616362 0.10709443713407989
0.10356902229840814 0.10740699190939704
0.10422013108185624 0.10812755164620858
0.1079709725596634 0.10843204840566682
0.10529465733705672 0.10867575471796151
0.10627686544270792 0.10875074978533879
0.10724375723878946 0.10923231714508541
0.10060934185752628 0.10997474552430375
0.09477317661789406 0.11036766059943295
0.09152443760298777 0.1104302896130988
0.057717560863103 0.11245910454244956
0.11127952419904719 0.1137101049999559
0.11102076960055618 0.1141461977751585
0.11529318945022995 0.11787553429979077
0.11518043477156366 0.11798437423214214
0.1155744878023964 0.11911188558088974
0.12251697800558463 0.12260937065826501
0.11201438319111663 0.12447022510059942
0.11814095981592089 0.12526576804262277
0.12451802896747442 0.1262703091957452
0.126891717265429 0.12706914707327527
0.1083083689336088 0.12843839830673706
0.08530202866889994 0.12898562128097799
0.11446106416729604 0.1297246165759853
0.06380573109830076 0.13189904647586126
0.12743696822757936 0.13388027149015577
0.10807223010346693 0.1340782948680138
0.12650979210092195 0.1345118832152879
0.11073250083710899 0.13462865903900464
0.13128883336158206 0.13570610389135632
0.13691080764371336 0.13692983770952696
0.12965177078870885 0.13743636474205717
0.13258534760867047 0.1383749312055743
0.12172560365605288 0.13907907491333954
0.1391970512352939 0.13968115898907524
0.13610801445603055 0.14022410108563266
0.13808102812756565 0.14147617509202015
0.140664628126518 0.1416552874056989
0.03581671264736679 0.1425965044818321
0.10106356126572061 0.14392009755336665
0.13821759894053298 0.14432484370349008
0.13617444500471243 0.14482631876057495
0.12719776531500612 0.14553860841000166
0.14277188082468556 0.14651780705834794
0.1415153215086604 0.14689369361995064
0.1480632784916026 0.15177927896082158
0.11677349423685039 0.15214644440754901
0.15290169582151417 0.15418606230059118
0.07590634831585294 0.15423908425511476
0.1543645921924605 0.15472016589777354
0.14744576686195954 0.15473453298462944
0.1551138452146582 0.15511534201422097
0.14868558972125606 0.15616094010273368
0.15359598017140505 0.15660260533270576
0.09087936518117122 0.15696018775094314
0.10389042962183 0.15786820090107478
0.15704739707053594 0.15851257002356692
0.1527092167674558 0.16006542042647326
0.133350392175827 0.1605286174510934
0.15493317210357044 0.1606515392832395
0.15833180851066408 0.16071085125771942
0.15987016772462206 0.16136287201794638
0.15262731087112705 0.16211480177201498
0.16204424088423916 0.16217526768562587
0.16413732110957882 0.16413901621921761
0.15360377577673184 0.16526181303496043
0.12775553481107152 0.165690344842716
0.16343343312226202 0.16688302665063484
0.11520461210140137 0.1671556339727613
0.16886504382948686 0.16923696573009847
0.1702769311516264 0.17127274315577445
0.16547606523498065 0.17253411616313927
0.15575253572841774 0.17288057779855528
0.1552211638033165 0.17306687533761966
0.17259167168313744 0.17306787304418278
0.17254023919540262 0.1739804963942055
0.1689624218452242 0.176893346265636
0.1729861198275417 0.17768947889238768
0.17399648507437804 0.17829171823166762
0.17991944134307916 0.18131680625716715
0.18205614998459485 0.18272288311439677
0.18004324612897152 0.18310709157129837
0.17950355899956888 0.18351185387795005
0.09834562759656074 0.18512215018611058
0.16220310607510408 0.18560224458381697
0.17262335086398345 0.18671011271124677
0.12265864337845503 0.18838177199091868
0.1550726358537483 0.18899259390265458
0.13784798082551547 0.19067127185960556
0.1846150116166139 0.1906851228450122
0.19157837542113884 0.1915798578016865
0.1666233489261042 0.19289976831503744
0.18405881422414816 0.19377346709479096
0.1506976855368748 0.19483304690997605
0.19840862710453366 0.19856756182530103
0.13971178479484944 0.19887371278784444
0.07820014512123227 0.19925020559811515
0.18515327554013356 0.19962370107144622
0.19756204599415667 0.20024701640571752
0.19932324450595817 0.2004126430460014
0.19436971888064308 0.2013727852270892
0.15888713256770906 0.20418089607066423
0.11341499045357045 0.20496393445418928
0.20062265331198031 0.20512133463062454
0.1593944014665468 0.20770406031666688
0.20298726768961822 0.20905854653617534
0.19477605654506713 0.21016358885695047
0.21067782505201296 0.21079812806125894
0.17482857933850404 0.2114054160691632
0.1843205622993622 0.21214582838150936
0.1819251003109587 0.2159129668242761
0.19136042817797244 0.21682335925857768
0.21150803887791814 0.21742607966561286
0.21215979186996195 0.21993784225071916
0.20919930663608674 0.2208637236006999
0.22065176924356353 0.22110559903025795
0.1618969638538572 0.22131295385496902
0.16285035137845205 0.22206072457634082
0.1772346214293305 0.22208552522999314
0.2248396126701281 0.22499681007157088
0.2229953649079118 0.22516568233955958
0.17787635740948318 0.2294163365809844
0.19459876464824558 0.23129312914518677
0.23079674828310612 0.2317823427902793
0.2275237314032317 0.23268581189718776
0.16821853517108706 0.23366930713389664
0.22525978751788478 0.23872666638317247
0.22899584059524902 0.23926538705245987
0.1848591239953782 0.2410720387575499
0.2393568706053683 0.24130807812164032
0.12361604436952874 0.24187921510311156
0.2369089436509093 0.24400075118344428
0.2251611713308338 0.2462905868612467
0.23527012502543937 0.24815177138769634
0.24527229490282199 0.24872735152956355
0.1839316522280664 0.2517740383905334
0.2534551647460637 0.25381708472601533
0.24248823444164885 0.2538315540529043
0.24920565830093674 0.2546911840683902
0.24850622577579168 0.25798060084616375
0.25815566114307975 0.25817651088337473
0.2548548396056948 0.261987301415593
0.14207699401890267 0.2629328843145815
0.23983542932648774 0.26342673637682457
0.1620130254096699 0.26382702976838013
0.23394838100190413 0.26407151478831503
0.1118469541828284 0.2677595140451073
0.2604595701943773 0.27061782709509924
0.2240533307667085 0.2727866513636325
0.23292410268249986 0.27594592515040617
0.27694786150998596 0.27700445210265
0.27217506305281086 0.27730162045623047
0.2608995440043685 0.2776911272953231
0.2454112900828822 0.2786561505416059
0.23414598718576402 0.28119830257688183
0.2750686905728504 0.28174788273000156
0.28121436976703235 0.28259103168660826
0.2124598616526878 0.28413449644747796
0.2842924452216926 0.28443843639833494
0.2036883505682093 0.2918824463522879
0.16566774011543312 0.29361568483260075
0.23824983834710267 0.2967280594668947
0.30248459176830145 0.3024852505675233
0.23038570403014463 0.30350186811819474
0.3013913612271249 0.3035169947190406
0.23024536618119446 0.3058074472460563
0.30511480925286866 0.30654322129825073
0.24220950584350726 0.3086321121652505
0.2817264728752169 0.30952979978502076
0.3094569325961506 0.3116581765663884
0.2095456849983166 0.3160104421179464
0.2695227011131095 0.31620143407199025
0.12058365132756109 0.316325478629529
0.2927456426391267 0.31678917908990856
0.28176506469527035 0.32049578085952146
0.19135169189403575 0.3216999583030894
0.32202359269894665 0.32344483225543813
0.32644838796771136 0.326494137694619
0.32109454620638184 0.3273335901432417
0.29015759350092574 0.33006520275820395
0.33307982390266777 0.33669345061465417
0.3361663570893525 0.3394731185683035
0.3415947606405753 0.3422766197217932
0.2591762186297275 0.3444866565931817
0.3347898637889435 0.34512557182809867
0.3386535601052819 0.3470563375448397
0.33739425763046926 0.3470824763601389
0.34549513394806364 0.3477447218085606
0.24180010699973722 0.35089380026974276
0.3487445509262375 0.3530119105071743
0.34662064613785665 0.3538184829087626
0.3503835247816177 0.35385897885604023
0.35451249308735067 0.3546067970235827
0.16052841622309186 0.3574737471233502
0.3574026260046513 0.3576782997057756
0.33506145828437467 0.3583013046971511
0.34002152492136917 0.3587263903387248
0.3250259442418621 0.36253049386272557
0.18542104077957813 0.3639697009819461
0.3137029161656712 0.3662260141680119
0.17635919573912434 0.37045695730624045
0.24536259594998006 0.3714308628246505
0.3718022705304744 0.37182779062458177
0.3808300033352199 0.38110687353810996
0.3664233006702511 0.3815651577084495
0.35416732771249093 0.38393218279904984
0.372675297133641 0.3847969901139952
0.3610790210822149 0.3850580148373162
0.3718161235802498 0.38605286082762147
0.37124145360020866 0.38606638327853654
0.37028429001323604 0.38808672370922076
0.3807770967871495 0.38847208173083536
0.3487229763241694 0.391019390654
0.3190532845894111 0.3964939669465482
0.3954245179916632 0.39980717041457636
0.35635067973993506 0.4005919065730185
0.343275748169241 0.4041386125775536
0.2912788552744851 0.4050482430205534
0.33652419193381433 0.40881440099724853
0.4073888705458487 0.40975753527372
0.39459262926685723 0.41024458380464063
0.4055981626269526 0.4118145878123423
0.3782289946968129 0.4143666051254128
0.4153944131360133 0.4159558617997933
0.40326268280822397 0.42163513826581017
0.3789845601093143 0.42221732364156783
0.4018222210427371 0.42317529426460915
0.40780814860629094 0.42414898360613523
0.24190597307422773 0.42453984226294644
0.29760978704312935 0.4267605200107347
0.28383262973363743 0.4331738107384637
0.3963869332252692 0.43329473383396405
0.43418571122193894 0.43419874333469194
0.43698295872543486 0.4370408392312904
0.43051497023878965 0.43724976929325166
0.2787962255978261 0.44154989842981557
0.4242231610603733 0.4480695916409875
0.4487414494866084 0.4498613714064901
0.25908549082378374 0.45023376044757074
0.2871775437386451 0.453980349770136
0.44409286403394654 0.4643667149041167
0.4433350520774773 0.4665385873519573
0.3741845335481391 0.46695044375876243
0.2065758664460883 0.4716397379285445
0.4693215803013241 0.4721699427559423
0.38524838944081174 0.47341394488013405
0.23765777994824486 0.4766248115962069
0.4077028380297392 0.4813697029148365
0.37134239990977436 0.48326587639737933
0.2295925956025351 0.48899223933831615
0.48913629750172755 0.48913973685712087
0.14913404959654394 0.495690505784817
0.1195537704620061 0.4960099067111998
0.32032974025926647 0.5012626477429667
0.4728199594476488 0.5043073275814915
0.5056925223557003 0.5082758478444007
0.23115117682024222 0.5164688631248088
0.15557019187035348 0.5167200532602697
0.5083876780233074 0.5171608283263147
0.5244151768881129 0.5256914245538216
0.5264441664892752 0.5287913046494939
0.5251010504507663 0.5319670674808338
0.17400698297311423 0.5324725015273047
0.2002956270447425 0.5332356162989745
0.27263062769396273 0.5416650102403061
0.1541616428184593 0.5512913054498406
0.47421840686822103 0.5535375733964997
0.511495290353647 0.5553475730449449
0.4923323445345893 0.55538978811072
0.5320537529847879 0.558349205272625
0.20914804311438762 0.5623706133576181
0.5669586354858694 0.5671618925674419
0.2353900509358362 0.573162796427884
0.23261692302750497 0.5989523033139236
0.5721249877111483 0.5996495705691809
0.152726687347227 0.6046349043794215
0.1650916355800165 0.6152239827240625
0.32851265411010466 0.6217085722270568
0.241847822081035 0.6277996366212434
0.6347081674033025 0.6432806743722015
0.19952217493672175 0.6555808724512273
0.6779548143363338 0.685961633264025
0.1699398020653228 0.6949491713469483
0.5904433685142061 0.6952485798391934
0.24308879948854206 0.7011511272751431
0.848030296241037 0.8523557726358992
0.9153688376380295 0.917404132250221
0.19093331775395406 0.9184400080877247
0.24896480302818805 0.9202030231399247
1.0674270368161665 1.0688438311174435
0.21218936858584675 4.000001733719066
