0.009584982462784754 0.009591754643853154
0.011851529622997346 0.012613757156317672
0.012671955505061833 0.012689437461828676
0.013154223029132467 0.014513004218009627
0.012977572858845756 0.015445311470554966
0.0162589197034921 0.016819738792739854
0.014153503407859806 0.017216749561404354
0.01629453806041407 0.01756705786908325
0.014662648942410214 0.017935060086984297
0.01619352912278448 0.01809233655445036
0.017265164435198217 0.019179866450754424
0.014300126783619069 0.019340249577863906
0.020025070006748177 0.022026122285555994
0.020933594823060078 0.022300963047825913
0.022817585633221848 0.023376173808871442
0.023258753206715707 0.023935880375852814
0.02329932775545383 0.02464358111038776
0.023757248614496025 0.02656779480975445
0.02600572253924756 0.026975899239201476
0.026966884410422144 0.027057319719207187
0.03153818281593914 0.031795715570348326
0.0323713401771208 0.03282199952064974
0.03174911781158291 0.033491585463955836
0.02513157336765897 0.033925934535212705
0.036075336183303636 0.03625215923668806
0.032475834263967246 0.037386022813302555
0.034097864732830614 0.03762481400456062
0.03781063005641317 0.03785549306171716
0.03910764482986249 0.03910973412882217
0.04139575490131064 0.04140155256044965
0.03696836129961376 0.04209280904050397
0.04214757697605909 0.042147793174708605
0.042890680558772 0.042916095928903
0.043307473010435846 0.04338639226166748
0.04021662060729335 0.04372290180469754
0.04227769864144987 0.043964949742235075
0.04332463700910351 0.04429011178214588
0.04360167125399148 0.04530538824260319
0.046670545397531196 0.047023579485344025
0.04320560505481311 0.047988466016796544
0.04511394165124522 0.04865509776939635
0.03363093059436359 0.048695480365700025
0.04824504992916889 0.04934951560498446
0.04608667140489869 0.05001509003581797
0.04606417340573878 0.050156606832962816
0.04748723680772088 0.051328152610475596
0.04939699210815081 0.051742874122139
0.051277455410865674 0.052344862977224425
0.05131051553896526 0.05295370488833272
0.05261541400306965 0.05320016646682456
0.0548824796401509 0.05493041247903211
0.05532329768324536 0.05533159837850404
0.05354447324540226 0.055705822338531316
0.05499233252881064 0.055906365768219723
0.05550383204507298 0.057275421423204805
0.049580932071516454 0.058798738257547195
0.05769444158545054 0.05923457334603657
0.05804503414985063 0.05973327051230413
0.06029821415730058 0.060980973297743615
0.06268903863815506 0.06435865843632199
0.05643502263221223 0.06538280688338162
0.062041657693347435 0.0656097501755213
0.06415804679412034 0.06685985714658997
0.06703806521556373 0.06754138587154922
0.06572545206460016 0.06824823681237031
0.06147616464242936 0.06837071867384667
0.0636091979119216 0.06842209864591534
0.06504841454819174 0.06857097838604748
0.06708791392663985 0.07021853858988865
0.07000719973763388 0.07049603770452836
0.03764885527606928 0.0711693410722531
0.06650234480532541 0.07158361632895287
0.05946182857362557 0.07368141667233391
0.07031254897986981 0.0742412266053398
0.07510208413508747 0.07574588166807965
0.0761189452125782 0.07621744363767205
0.06565398891893419 0.07635310156609074
0.07465366287959266 0.07670736134877927
0.07494774235225143 0.07678365684906108
0.0724641707364188 0.07697738486986697
0.044327859009876555 0.07854519962997483
0.07817977404483323 0.07906986926127038
0.07672149453873409 0.08075254913078693
0.06924696244892212 0.08139032163203484
0.07812570967666943 0.08156894779346009
0.08076161061193071 0.0816837908986567
0.08152863199895721 0.08227056852876859
0.07657953893909178 0.08237743908081337
0.06680669342513144 0.08438942322916484
0.07054990401918726 0.08508140678965824
0.08546879499750977 0.0855399621303297
0.0856023750274263 0.08596321963773296
0.08658136516300574 0.08658483756410316
0.08684510685343565 0.08691221243659754
0.084937491948334 0.08708179702526625
0.08478356786534376 0.08719475837101982
0.08568309331307448 0.08748379301270656
0.08784190737021337 0.0881028339065648
0.0611734708289097 0.08840738666179782
0.08881627837800252 0.08898702178702292
0.08829566585836167 0.09053709538237797
0.08965107974299366 0.09055554156953229
0.07951748950699103 0.09218383286395232
0.09145375097101541 0.09230079317362086
0.09241095297778187 0.09242785946095314
0.07846901221855639 0.09434406095551118
0.09135690569478053 0.09438193034729282
0.08725829225823754 0.09499135277774222
0.09256201833895525 0.09538007764440605
0.06771592472499724 0.09577035437810168
0.0932899894458917 0.09706040698231544
0.0889742688585107 0.09739930329616406
0.05460927388479545 0.09761113935049529
0.09193807791604236 0.09792524159175015
0.10022876882985779 0.10071987534738495
0.10117003673114491 0.10148004829682832
0.08972024689157139 0.10164187688721807
0.10232666614078514 0.1025430240698751
0.09021182589052854 0.10284296124962149
0.10288860273141204 0.10305178513822842
0.09003416405670003 0.1032669030487203
0.09546525977173843 0.1040801568602035
0.10310918916459795 0.10482562786715957
0.10510166755353333 0.10530310522225035
0.09571319077289346 0.10540580005481577
0.10377098066521998 0.10578725486865709
0.10404572227669125 0.10636707194627294
0.10065748583468752 0.1079460615783232
0.10398125778950928 0.10836308061859094
0.08919021201383445 0.10838463196528784
0.10492498353099869 0.10840986271751762
0.10853824547034403 0.11014748374322222
0.11073273959030924 0.11138828569495217
0.056540623214270606 0.11161608359607438
0.11252790161577349 0.11266131076767577
0.11329802935220046 0.11362147713688339
0.05249339320574246 0.11398448539495692
0.05414093951286311 0.11438999605446336
0.057673234926872624 0.11509749058839423
0.09374427867648932 0.11512062702100696
0.035520700128910586 0.1155182865305675
0.11076925890555234 0.11665688779310367
0.11632201148492297 0.11695302241900007
0.09776159310710113 0.11776069002670679
0.11810424821915005 0.11810526170905057
0.09024461287661917 0.1181997120191906
0.11759202294186749 0.11933610027484418
0.11595452351557183 0.11975243961167922
0.11712755668732591 0.1206941178585216
0.089101244599306 0.12135395468669004
0.12242750276411912 0.12265172400394643
0.1144288078048021 0.1231377781136253
0.12276440773740029 0.12430923858661908
0.12456510760820504 0.12457116029016584
0.12201124267046268 0.12527835057743247
0.10937272355162121 0.1253338802040321
0.10767743333608093 0.12751102680529838
0.12615093528609433 0.12770929547278154
0.1201553063333916 0.12831886647431162
0.12670440589376758 0.13024854578367626
0.11693636002852813 0.1317541658037036
0.1314537637987312 0.13239110410857327
0.09365478417385859 0.1331830522630948
0.12011125204025139 0.13366044887556855
0.07120389906039314 0.13409551261012206
0.12713873855903937 0.1344579672997333
0.11586788682199949 0.13564083768786556
0.13613871786850032 0.1361945913443086
0.12943462169250325 0.1366834478843924
0.136698528972044 0.13700469495318385
0.1400057056552581 0.14080716677541896
0.1438036223104121 0.14402353207267551
0.11273539279712953 0.1445875992551997
0.1055344244298161 0.1476644022651578
0.1439791750380717 0.14816008327899355
0.14720521446643348 0.14967251564670042
0.14920856447005226 0.15034116949837645
0.09139043921999059 0.15072413084061323
0.1495094323321992 0.15089059020382023
0.15189860491844157 0.152560773612866
0.07585185163224473 0.15283559699226215
0.1501785290726658 0.15321334528956912
0.1228828112273901 0.15326525096792187
0.13556886052639855 0.15367214489466624
0.15190454804465192 0.15422887481077102
0.1499965252789159 0.1560354703102733
0.1441089115519066 0.15633908375295444
0.15681481801456026 0.15724354960489167
0.1438672086443022 0.16048324175815964
0.15708054369357854 0.1606782367626136
0.1552653876428726 0.16069019542975463
0.12537175711946064 0.16118569794615958
0.11667991871727004 0.1616330425417227
0.1370569285928958 0.16303946109231157
0.15988160262756787 0.16327315164866904
0.14517343593744783 0.1639407238631805
0.08444869492396478 0.16413649473624428
0.12983081045164407 0.16454320990721996
0.14561004859514604 0.1661201246812161
0.15877067417727136 0.16853418882171692
0.17004341965498984 0.1700489278537111
0.06520633026679215 0.17120928995785442
0.1724027867181065 0.172670018719831
0.14794600384021062 0.1734775922640327
0.1488706495061736 0.17448926322667258
0.16827705336864018 0.17644416101600371
0.1644285551274495 0.17689331090582305
0.16548035873798686 0.17762064551654172
0.17219752061746646 0.17775589444157336
0.14031509931137925 0.17980370832504214
0.1592678340286526 0.180111610585111
0.18086886283001696 0.18132593132551372
0.15039553569461606 0.1823593864471267
0.12132646615721653 0.1853186444551178
0.1795669795309224 0.18576374885443162
0.18685986316240075 0.18698174385698987
0.0784840095960007 0.18867191857635376
0.13715260394672604 0.1889357538765073
0.1557892496301668 0.18910297175235297
0.18651784665749607 0.1926853735974308
0.1942780321810095 0.19481430013477305
0.1729700781122878 0.19627808786221512
0.18266325078450418 0.19673972543840926
0.06333329303244661 0.19831302976712759
0.1984545225893876 0.19954205251418347
0.1989083203174273 0.20018919235458427
0.19973129875833953 0.2013893697724197
0.16254057482510903 0.2026593352563277
0.1317827712717555 0.2029875517973365
0.19597321421764388 0.2043579774714941
0.14139947181673868 0.20556025148909188
0.1957054595483419 0.20851850627450266
0.2095578387066473 0.21102474242931132
0.20584240659504469 0.21131846785408345
0.19093367685532425 0.21201740034116567
0.21308398727848232 0.21322998345849814
0.15284518345505255 0.2144978677007067
0.21283441029147443 0.214953452791926
0.21652657321859375 0.21655235434987266
0.21622664664372432 0.21840205251103176
0.20045934671803547 0.21854728084216268
0.15470728073396597 0.21980347373843973
0.21906159196300207 0.2210722199082931
0.185435187410617 0.22309508310609125
0.11961840902942841 0.22517392738749753
0.22478975569474755 0.22533605875452598
0.22588532540835185 0.2259258121264731
0.21699149611213747 0.22604575054433443
0.21419254206921817 0.22684121807239388
0.2060905746592367 0.22720790369226762
0.22849070137340963 0.22918720564285655
0.22694614655673587 0.23479415530827272
0.22620519753547738 0.2349581587443271
0.23210182141588837 0.2357161251736842
0.1851034540683981 0.23692325711897155
0.14387877544870098 0.23724276113639883
0.23737653854729035 0.23740216824521015
0.23699863724809905 0.23802570195114445
0.237747505637596 0.2398671301416163
0.2409137170267465 0.2432187217318884
0.22098631795794987 0.24322025731287478
0.24262235196423226 0.243578039933621
0.24435027801939035 0.2444781869967322
0.24465771872727823 0.24761437585188392
0.25005991375409803 0.25015408057982863
0.14350946791990243 0.2518670715711841
0.1784803240495003 0.25231341775073274
0.24709802691335822 0.2523907277208891
0.18007174533779752 0.25244249966519117
0.13404281921870825 0.253147461506612
0.2539288142754735 0.2545249573365584
0.25540544277289756 0.2560347033518774
0.24073369916074497 0.2562699267541058
0.2579569844985005 0.2579583458879048
0.19821183061573952 0.2597803762067422
0.25324500840808783 0.2605712763221252
0.2194414815742981 0.26169435167380245
0.2414556999775117 0.26448166848443133
0.2646291467642147 0.2646611308929964
0.25257550849961613 0.26474432202461373
0.258766568529034 0.2703279805415988
0.21533493419597466 0.27057140714074657
0.2603970675170694 0.27213993972484757
0.251466433705505 0.27215594303175367
0.27718189692777795 0.2773273021794401
0.12747763262445222 0.277570460326242
0.24408658474778994 0.27785336152410517
0.19409432876284688 0.2786973774091529
0.2732488051503199 0.28273444490805527
0.26632267897925505 0.2875445018314692
0.2880930428391093 0.28818850938079676
0.12024930902913253 0.29154559472818053
0.10158313944618134 0.29194640093245805
0.20251633601869534 0.2921278261796815
0.2923507146429075 0.29244901952021896
0.2736363974493323 0.29440097726430353
0.28719268323689795 0.2955950865869857
0.24064272363228562 0.2959741608143149
0.29846717316288784 0.29848249920727055
0.24492836549327623 0.2998816988726181
0.141514834957084 0.30091481238830564
0.30328202634771956 0.3042057288025551
0.18530312808391086 0.30601081048245343
0.30826024123505485 0.31119088546105567
0.2833044877611453 0.3127740593157601
0.303105851498914 0.3194386832030388
0.31779713950880206 0.3196906705451727
0.15291632548014436 0.3219432284542665
0.3103178802098673 0.32234498096853864
0.21509534770145947 0.3232166785802775
0.27118774804882495 0.32448229946725704
0.3246685218084539 0.3254186777443956
0.30334339946107997 0.32640457552438257
0.15048399427185188 0.3276807529992268
0.316682583646246 0.32909857049368935
0.2846470607146036 0.3325233300738536
0.33273159264894764 0.33521500699465495
0.28643687844120225 0.3366034123944923
0.31319792490827764 0.3383098411663701
0.09091326156980895 0.3394987351555009
0.30192407024883405 0.3427430744350761
0.2849185201327548 0.3455825280223564
0.2722761974927374 0.3507397847293795
0.2825051737309356 0.3535100828818781
0.3031790133952728 0.35353941791934634
0.24007410599199053 0.35645215033987787
0.35956196481943076 0.35994089338756186
0.2589538780470512 0.36173263329004035
0.3638502017107022 0.3644520987416003
0.3381872076397292 0.3646816704271671
0.36436516285909376 0.36482928596552355
0.3472213954591861 0.368890510887788
0.3450873385771551 0.3714620107946269
0.21949781936147356 0.37255524706808024
0.1837137467466803 0.3732935893535238
0.3621346961319172 0.37333129117703456
0.37438850828539616 0.3751570081723802
0.3666035703334984 0.38040123814572296
0.37715963075442366 0.3818083563619651
0.25758031806789533 0.38504750513292063
0.3683714982059856 0.3873480641202707
0.35715044463757917 0.38883768175967043
0.3299607030166316 0.39202459740284973
0.3887790531477827 0.3935333327597153
0.3531876790887244 0.3937541917088617
0.12912142459133022 0.39802423108019935
0.3281563545433338 0.39852106535469883
0.36887033638023664 0.4039252607031614
0.39392060551083224 0.40794003056637035
0.183928212778963 0.40857759788032194
0.3751788871478361 0.41235760944248706
0.2621780304792673 0.4123768910315261
0.4104160766851195 0.41238423890317394
0.25692440510515224 0.4232872198691542
0.4245085935521899 0.42698763318711813
0.42383052981487146 0.43387899449470346
0.24304025958672237 0.4344981260018598
0.43092064631775295 0.4345703444629954
0.4190541506011811 0.435257969169791
0.4337628014568249 0.43569937644599005
0.4312437487088489 0.4364204553347185
0.36382388815009997 0.4371025438162656
0.29201516543705486 0.4514828374154388
0.44588131681319654 0.4527109363047233
0.4543492872068937 0.4543514616206696
0.43321748953264333 0.45732344949774306
0.44541182959154535 0.4609282476126572
0.45617078471798894 0.46156645254625134
0.1104824675540713 0.4639615405088282
0.46379133288930907 0.46490648412353924
0.36112571039022323 0.46953413533779326
0.4576883392884288 0.4707112229488419
0.4162751664997952 0.4713647467117645
0.4651774416463786 0.4714800294129205
0.47629163873641406 0.47848479119107834
0.4657125000288251 0.4787286532337026
0.35718299421560806 0.4807738542465253
0.43206614169398183 0.4815271327518036
0.4864529427463136 0.4897298965832017
0.12451819358789737 0.4925924882353159
0.29676269191199806 0.4972833816061582
0.49101039726611584 0.49893120767420396
0.49759393573305927 0.5001069638841851
0.5000255491722833 0.5018770263863869
0.3778975835241073 0.5038472794347524
0.3053431397237891 0.5040385370675022
0.5082277475515449 0.5110557371505112
0.375371071640926 0.5130119124870361
0.4131892223137765 0.5142454553564075
0.5088185239112049 0.5164314355915759
0.45996246150691966 0.5204393932613153
0.5117104063938341 0.5242387306161955
0.4308329304294432 0.532784613819154
0.5408759929290424 0.5412415351374704
0.4591810940544456 0.5561227971206385
0.5619502242220229 0.5628389686082511
0.5475908749868832 0.5664939400578882
0.5675141181855693 0.567800812815061
0.5441563908896251 0.5680744530523354
0.2911628640328998 0.5692484485148747
0.40011112104368574 0.5797546045642568
0.3758963323177525 0.5807057666074453
0.5505384230327287 0.5821067819866552
0.4525965182641586 0.587239309239317
0.587403879322569 0.5987501000032002
0.6001235305881099 0.6007290720979624
0.5995716068158197 0.6007311998564343
0.601434054029789 0.6015070554152961
0.49035962800651156 0.6021493428707431
0.5400037047548851 0.6071688051746653
0.27701031431091216 0.6155062978920658
0.617607899910843 0.6231727633439778
0.6219945178065244 0.6247992928798864
0.6261560454954391 0.6261603329705123
0.521664075909743 0.6349698583492733
0.5192571335680107 0.6388014561942174
0.6392778518596943 0.6403423743051729
0.47923258800129487 0.6435510914698251
0.643528008712759 0.6435783739418734
0.4388514750638754 0.6440782179743542
0.3971985408733848 0.647011955985527
0.3455932955704755 0.647983830909449
0.4514498762712919 0.6522173359703503
0.4846436774670906 0.6532925413322699
0.6482527513613506 0.6534398762969719
0.6517307216949959 0.6535103020883487
0.3512948922511423 0.6568171664336077
0.6489647805770584 0.656909928631976
0.6454806580770783 0.6671088577519041
0.39420266824657607 0.6686875211787795
0.2347671382156606 0.6728510382580127
0.6548084021703857 0.6745081589712074
0.6675587880948719 0.6745936205690439
0.6867912751993038 0.6884597754570345
0.39975358051750015 0.6893799165753066
0.5013355352652484 0.6914200909726588
0.6925442492023719 0.7006833778525771
0.6763140260222928 0.7097563550447871
0.42599186173223824 0.71168938881424
0.517957117601858 0.716807638835712
0.29486160256754346 0.7258422199100217
0.33074336386057723 0.7346341127498858
0.40085903676861245 0.7348398744658299
0.4858412134667676 0.7494895794504483
0.5214550702952644 0.7511264827528014
0.740719686668559 0.7530481215084402
0.36157521786075425 0.7662422013621036
0.3918985725874917 0.788693139964322
0.7770190065341749 0.791966484492989
0.7914005843564171 0.7924506864569967
0.7705948839209842 0.8027503419957228
0.35605532165641435 0.8397955748490874
0.45225773504194033 0.896053403482779
0.0695199191167085 0.903464110357207
0.3237204117032368 0.9145669854477554
0.22872845600836708 0.9771580321044819
0.45643978329838836 0.981856788273487
0.3676379748970484 0.9832276901622272
0.9999750013436348 1.0124230566467272
0.9734863291565232 1.0418395186683604
0.8756344505576381 1.0477234286873576
0.26622235466430616 1.0546834555369655
1.041563500486044 1.074802203327109
1.0732613248040885 1.0760848265320595
1.0942596288195414 1.0951995832936408
0.4700908145843385 1.1159322746294014
0.4406134390665304 1.1338489399999512
0.2454385095591521 1.142567886359868
0.4430257131199458 1.1937785703247739
1.1895017037265248 1.193914112250759
0.2807142523582447 1.4414858171538516
0.865027719534702 1.443111400080961
0.23028436705349903 4.000000945520261
