0.0006671299893734949 0.0006716241711476144
0.0006241069124677314 0.0008027325530593909
0.0008227727008923935 0.0009110424867574118
0.0012515355264734395 0.0013504815443672851
0.001347752413696693 0.001439551387274479
0.001383283658869873 0.0014446203493103512
0.0016917677550202872 0.0018563320540333139
0.0021003172891715734 0.002102247519911566
0.0021417844997158424 0.002171440005275266
0.002176015577548776 0.0022300010705429626
0.0020376791130969265 0.002290481550966062
0.002244047654910643 0.0024442080134441566
0.0026470182524707697 0.003058452217121368
0.0029375852158399626 0.003160670739938375
0.002862071859337497 0.0033341728495079794
0.0033113133889989908 0.003571381375033017
0.003959911308031733 0.00400859933596948
0.0037607187963097726 0.00424928738715932
0.0042066452173807455 0.00444124761702062
0.004610367614473826 0.004611852571737844
0.004191472903266342 0.004612268246973345
0.004629258640763222 0.004828027003019526
0.004415428869112792 0.004971197678865537
0.0049651865495608715 0.00497401527009376
0.005039000758794401 0.005134867451353012
0.005611815576348848 0.005727255535199144
0.0057954463425996285 0.0058091098873639105
0.005906142975314858 0.0059240618072453925
0.005017587646993644 0.005941316962065457
0.003127551381124184 0.0059571284354043115
0.006107463635250045 0.006139189911783408
0.006261851850599328 0.006353797071694107
0.006201063195538827 0.006808924746278936
0.007124800839920413 0.0071272241669781385
0.007220977887743871 0.007222339044767425
0.005318747017112083 0.007872106903873119
0.008343797298999703 0.008382531580522141
0.008700339053338786 0.00940888984574269
0.009364464149448705 0.009804708532348473
0.009516666497510672 0.009847037692983764
0.008571472505353978 0.010042556436251963
0.009822519469185166 0.010299955294489781
0.009506321086308592 0.010345122796385237
0.010286251765014184 0.01035754933448785
0.009603991373676912 0.010363978306410735
0.008549610519979017 0.010706604889911667
0.010967969684011977 0.011030097560338388
0.011183352378844236 0.011338190030977717
0.010286071717873069 0.01134573530498785
0.011323999334937891 0.01142602842418197
0.010714085729860314 0.011548296130721837
0.011125011342247809 0.011810330081655046
0.012075548733902326 0.012405538985793592
0.012214741833976882 0.01243180393931893
0.012482506364480022 0.012524739472554596
0.011881611645603907 0.012894101318076065
0.010357107625522836 0.012931202177438463
0.012715964715386795 0.013139328360353371
0.012205510961821528 0.013799389790296896
0.01321119150939955 0.013807961999828708
0.013884696769292075 0.01398075165967486
0.012973125540273201 0.014592674071952687
0.015539621577354132 0.015539633341769148
0.010231309527541846 0.016143880044545346
0.013095655791857123 0.016581571886261966
0.016076381975716383 0.01674524889854951
0.013214118189875449 0.016830869793313913
0.014562573749621202 0.017328516887049457
0.01635989173782314 0.017449519661402124
0.015607992655617008 0.017564976123277173
0.014560366752655152 0.017710603708824414
0.01820028957222361 0.018373958492227775
0.018451626788421494 0.018461145396199845
0.019749086467445456 0.01974911084039005
0.01692684346187048 0.019902772340222825
0.01647642720891849 0.019997022463910937
0.009015148252196783 0.020527000412339184
0.02109017601620989 0.021132154888087524
0.01967929693413308 0.021515575448740994
0.021767860157476063 0.021771353535156947
0.021866992059001274 0.02202632044920331
0.02113914974743976 0.022100926496132635
0.019092663716194367 0.022392437620952426
0.022020176246547053 0.02285907576871102
0.02360750278190898 0.023749537752812917
0.02365814606556574 0.023821471384767638
0.02468222871977461 0.024883949362954818
0.023778719835161083 0.02536669625050523
0.019270587713595067 0.02543239909473331
0.024012179081505495 0.026438259009792648
0.026339079485906806 0.026485426253742835
0.025341786847763635 0.02657416131120624
0.011942274848143006 0.02696143307020809
0.027075449174173212 0.027191054983551618
0.027181432334912728 0.027272632961519477
0.020090446515156152 0.02772229888045283
0.02437891783907306 0.02775372641703439
0.02429010175765757 0.027785702948248683
0.023851454232264244 0.028119606525666547
0.028037811413994338 0.028147690109695925
0.028390526186966646 0.028454111615204773
0.01300623823173884 0.02964119913561848
0.030530994674730354 0.03057262311072397
0.030418305587734656 0.0306145072930768
0.027711274167642175 0.03087948927069698
0.031132537446672656 0.031133283198238864
0.030934537726545103 0.031137898699161202
0.03099172284888964 0.03118602104792316
0.029024994344863504 0.03140420282439734
0.031483510043762084 0.03162054157623272
0.03065959953599159 0.031688468056667474
0.02637176615932508 0.0319237449869262
0.030886803170463564 0.032144364376607226
0.03192880430519425 0.03262107070073094
0.03195829419249233 0.03313388245818126
0.03109153658946647 0.03333074986374379
0.030310912707772555 0.033912037738023426
0.03307527200090589 0.03424528715575829
0.028812545433944035 0.034691807962479
0.02682956924368135 0.03489506230213077
0.03444684525343713 0.03491220081116609
0.027078259564331464 0.034952253259495046
0.03341421456549585 0.03496403585708615
0.03525803391635797 0.03579256970188017
0.03715273188660616 0.03716581100337555
0.026301764392468133 0.0373249655654731
0.02143943055221681 0.037800057865231045
0.03578945764810473 0.038876107060283535
0.038195431038165244 0.03890366603642414
0.036727228971684255 0.03938384173478586
0.03088351695843658 0.03999836044846388
0.039720279675194294 0.04015103384085074
0.038104079932126396 0.04056884579360504
0.038395982518507336 0.040766632992522256
0.03267631783222622 0.04199790859799813
0.03631766985406542 0.04254572202282249
0.0431183385938831 0.04313466717748097
0.033489668598469524 0.044356285083630105
0.04122502203392293 0.0444410884793081
0.04504015654024557 0.04505779674824607
0.03867948636881905 0.04513094095070424
0.042115547877597415 0.04622906773050698
0.04571576411309458 0.046392432047846745
0.04493693220153934 0.04693117136797473
0.04379273643362624 0.0472998120396369
0.04249089520353845 0.04760492280511471
0.04336974216850864 0.047688704487795316
0.046837559267668784 0.04784544343432392
0.04075047925801692 0.050330252341693194
0.04983093269896792 0.05038756652974298
0.050034512566449474 0.050564880186992595
0.049559108624747 0.05125374600686854
0.04530283338851283 0.05138433235387501
0.044318378471297507 0.05149515971480098
0.0517167387429649 0.05174467998198283
0.04507345757274046 0.052075277508764846
0.05186437554064813 0.0522152154478857
0.030834567768815824 0.05249241407118809
0.04748452908894839 0.052893440096015064
0.047611993275335406 0.0529891652372492
0.05383498706332183 0.05384157797555072
0.04229225150109832 0.05388522284706477
0.02095786514112874 0.055612078952660716
0.056887153934370896 0.05732530945623582
0.05758829766570689 0.0575982735123867
0.04572069947266018 0.05764443348262256
0.05371422133360778 0.057868773268568756
0.0589062084659937 0.058925678336266545
0.05022809202853508 0.059966722793632646
0.059608610044697585 0.060517110967422405
0.045391097753820164 0.06064616470818029
0.060799665431780316 0.06162932594394864
0.05767143914206806 0.06254850979555884
0.06103989098461793 0.0635284961434908
0.06132360310513769 0.06416005936444379
0.06603594740187958 0.06606110779925185
0.06578050553975646 0.06640717282311921
0.06488040618328784 0.06643826443928667
0.05683164874386687 0.06679261217922824
0.06591250328115959 0.06688011584875436
0.0680733661216182 0.06822859755668433
0.06849873305568245 0.06965556243025382
0.06825545047027891 0.06967700668348037
0.07107028472344822 0.07145139681834309
0.06982013449344776 0.0715249430608712
0.06908695895024428 0.07267721984709423
0.0721080607568127 0.07341930197580374
0.07373753378576374 0.07509696017092339
0.07472409799953496 0.07519801312354449
0.06847143541702905 0.07592803638908063
0.06952699552793862 0.07645069877383141
0.06674484093793998 0.07750878735666984
0.06847512075614558 0.07936452202042767
0.07919195559625994 0.0809928905762236
0.06019790177716381 0.08111169150664041
0.0776138664712266 0.0821336526414094
0.06738123034065524 0.08355388162008727
0.07422135263494953 0.08403549438063072
0.0837607945999863 0.08430517360595076
0.0848464744193767 0.08493518163888882
0.0849728470213712 0.08605975009510035
0.08149284596487565 0.08622510316116741
0.049027667232664246 0.08630772084621374
0.08698045147427393 0.08746506439924516
0.08865289957622091 0.08921081497315904
0.08277738683390047 0.09005521824610578
0.08590269506915073 0.0901231084340701
0.0890361863760979 0.09048684922173476
0.09111227221277331 0.09137028748168323
0.08514918105910328 0.09142098031141796
0.08998716779893531 0.09148435497593943
0.052858676366230845 0.09267243921115152
0.08922485452091272 0.09384382382086288
0.0767378047757355 0.09403393778829874
0.0942447907925491 0.09424792980720353
0.08578258249127121 0.0951118299238278
0.09168686742438927 0.09528000822461381
0.08083730838144465 0.09535922492706077
0.08355858388392819 0.09563637165250102
0.08970579878526441 0.09626955572628458
0.08366280532817028 0.0969496670842472
0.09194235716870848 0.0977346189619356
0.08783670448899203 0.09774759448574269
0.09863211391914163 0.09963464913613226
0.09985261983193194 0.09994036360779332
0.09995337021150652 0.10001499713069194
0.09588068910305989 0.10016722835029354
0.09224214144454125 0.10192463505340961
0.10233800227407866 0.1030422756152608
0.09877019285370749 0.1030841758109057
0.09232046295939857 0.10348562343830846
0.09844638561480656 0.10370276051727818
0.09485968849721091 0.10411546980142876
0.08363153214405711 0.10628693326821477
0.09875840938688268 0.10640021342010048
0.10663156455107865 0.10671221034160626
0.09590165706643278 0.10794042037867214
0.10653989065263755 0.10910470472150864
0.10927405424249775 0.10940131317136223
0.1052484619652193 0.1098033419023717
0.10982172369893853 0.10982172394118175
0.10169566393196691 0.11035204333008543
0.10946580019263265 0.1104127908951953
0.11001435384190479 0.110647160396259
0.1111464248807042 0.11138792146568842
0.10777760707018731 0.11248423015332694
0.10575603953891725 0.11254169240569462
0.10616558974479356 0.11354497258316826
0.09005872332229016 0.1162310343915114
0.11383171688109277 0.11696745331856065
0.11415808319827503 0.1171117245500838
0.0868149748931036 0.11721370254192842
0.11116523212006156 0.11804819803675244
0.11718686652292784 0.11880797756392514
0.11758924510277591 0.11909805680812864
0.11935501165212883 0.1193974636136935
0.12052999011444963 0.12053313607187581
0.11344535077375698 0.12069982358122829
0.12157542628560744 0.12158988121441534
0.10596874275353793 0.12358607113942129
0.1194048801372303 0.12397785702810399
0.12402177341259617 0.12494252359232019
0.12242559962775579 0.12509530336663585
0.11629219125728849 0.12601290910003055
0.1039489729682697 0.12726070742278142
0.11910869821271923 0.12735328736468432
0.12234015463090112 0.12795700735378213
0.08025861584891497 0.12856861307235634
0.12664446199309215 0.12890986658180054
0.12875038887649284 0.1292450894148879
0.10618197440228475 0.1293405450112034
0.07345004856428942 0.12975128680717363
0.12269265351095154 0.13008162196510062
0.090285325608507 0.13081039811240652
0.12469889061746432 0.13137679442100708
0.0739237945463717 0.1315421769406138
0.09926876280527852 0.1316050424166101
0.10727441326623864 0.1329160943694871
0.12842708410147397 0.1336153578296253
0.13529000147135206 0.13540145862611797
0.12431538656676488 0.13542970993250206
0.1084033984120083 0.13607191624115617
0.13535560886814862 0.13690795633654093
0.13315414688006255 0.13712244381785058
0.13587187982369042 0.13738408369909447
0.13739237391429915 0.1377076631187353
0.12788527675438466 0.13805627836667445
0.10880899983174959 0.1384021129210602
0.13882179341931128 0.13940851958636907
0.13115100449517053 0.13947968799762778
0.12701867020480762 0.13970628652749353
0.1344664522095 0.14170098781366383
0.1263609762258727 0.14244556869948544
0.08779965426865843 0.1425136928580767
0.11437567702669557 0.1437241159674979
0.1360958492367819 0.1461744043147128
0.137098033702762 0.14698457804908838
0.14132385888694113 0.14720649474495293
0.1031115940719107 0.14810390144998792
0.10567274221252426 0.14919088286213372
0.14879633733038997 0.15015025465144502
0.10211100960158553 0.15069863464613997
0.13309463848581457 0.15086921385641688
0.1137066251761145 0.15101860839637182
0.08713368213337558 0.15217862713458158
0.13042467002593838 0.15284486298362637
0.14587550317058576 0.15285487654985963
0.15111399700558306 0.1538752541136791
0.14371960001467338 0.1551392938745176
0.10579247550323076 0.15582424231520056
0.15717274683478635 0.15723599239877686
0.1568252229154744 0.15731881569273942
0.15758180317040446 0.15911396312629356
0.15401979409864178 0.15950857626484224
0.1393388141187504 0.15989102309949635
0.16226768112952514 0.1636180365139685
0.1564243403746318 0.16956358269653687
0.1671600993595988 0.16956547288322926
0.16328267879755504 0.1705456840668873
0.16880958303951749 0.17142400975407834
0.11429024418669612 0.1722249852627843
0.1567977548625345 0.17563387509399475
0.17243094858313682 0.175869299227797
0.16110913132618757 0.17622408992842628
0.14587614118568912 0.1764615122075232
0.13261666216248938 0.1775743760391451
0.17846038860231017 0.17883296777150445
0.16771472244677027 0.17908401723199224
0.1367039058233582 0.18002526474182895
0.17288103656271137 0.18079306488911084
0.17200453551509848 0.18104775027057105
0.062426190156139885 0.18134462718349814
0.17713626737453872 0.18176355437422279
0.18232077452511003 0.1823277643065425
0.1670497754200514 0.18319694711455412
0.18322898816492578 0.18322947119406585
0.15062708752452603 0.18323134751653808
0.17904969089189965 0.18412423704889383
0.17562769235217612 0.18435599352658733
0.16647795845509045 0.18437599771152785
0.1643321962523336 0.18490291269814016
0.17450553537333785 0.1850899543315907
0.18603272228532997 0.18610159029539133
0.0843967413388846 0.18634385892538624
0.15565814034702696 0.1874645788491472
0.12585339400097703 0.18893129751957424
0.18337266443360103 0.18949896220702797
0.0924131176835981 0.1902413592509776
0.18209489377459745 0.19081961692976965
0.18889242343257476 0.19174505381008491
0.17733669251842996 0.19441371588271866
0.15244330306472983 0.19582668749647836
0.1936538005056326 0.19839551527415816
0.20028747466589253 0.2003963936018209
0.11682972452685267 0.20094872909138675
0.20070269748744995 0.2016941862221711
0.17005427248659263 0.20351398297945336
0.20177107125572932 0.20381621123414798
0.20341418321597945 0.20385012051860243
0.2047093157716114 0.20471160121720147
0.20502687677333553 0.20537262871298623
0.1566243622177878 0.20809283738170442
0.09818951321840813 0.2083334172160484
0.20530103012828804 0.20896837945393665
0.18824060047273392 0.209054156152282
0.18083908366168405 0.20972738777137664
0.1878992306968238 0.21429132876309806
0.11424611176169236 0.214548850955868
0.20518292338945654 0.21587592759183113
0.08324724387465475 0.2220606340424203
0.21249265520834498 0.22416276746505764
0.22705530754056397 0.22705533676864406
0.14938628558598563 0.23310033607375127
0.15691923084765796 0.2351966522732408
0.21819552635309558 0.23857694378370004
0.2151588529587408 0.2404757821393818
0.22863372074690144 0.24121128401562736
0.22617592215102797 0.24395650080900458
0.1621014592575171 0.2440060063716088
0.11672690167464457 0.2448720712703511
0.14835246830253226 0.24487984112942834
0.22077815367306375 0.24554127059579392
0.24311181471788038 0.2482207504011357
0.22896382686323438 0.2504470348891024
0.2422305213257977 0.2507906813323906
0.10653724538389461 0.252355365795714
0.21366708406167467 0.2540296406036819
0.2543892101490708 0.2558966056768606
0.2564751628877675 0.2567074281534693
0.1764347009946831 0.25828395001248367
0.24783754240745132 0.25851997768768586
0.1923712128253316 0.2598830866180532
0.2649827882933533 0.2650778514353274
0.19894437314477692 0.2656299386708214
0.13548622528854504 0.2669157762836482
0.15457157363626364 0.2686025753283334
0.2703269296300504 0.2709899479530253
0.24414561343550825 0.2716277450271903
0.27142374752736564 0.2718182124610824
0.15616904566746298 0.27285768409272376
0.26696134907767005 0.27493831183471884
0.2382431756613324 0.27862886926425967
0.2801458258110881 0.2804679904020847
0.28466184965176955 0.28653180181540866
0.28583741514793565 0.2868915111850571
0.2249049454071884 0.2873751782756074
0.25373849250783853 0.28743415234097
0.23145977398505835 0.2882487048644815
0.14499131270590448 0.29234939756138006
0.27715978644179723 0.2928128227089353
0.2823968490783144 0.29482166017722705
0.2917642230656597 0.2955498863448832
0.14717564132038785 0.2993577421539975
0.21976176325729452 0.30425617667984456
0.25237305489190165 0.3062804174448471
0.284138292987675 0.308040071119574
0.30877047079766645 0.3092963682788952
0.17133351427037746 0.31056621112273275
0.2789701879506707 0.3166690159112707
0.31428674177037585 0.3169022547169771
0.2859560736637922 0.31932679090608806
0.3147080699135352 0.32030500857107286
0.21189643267769007 0.3213202360018315
0.318136844256531 0.3213284953484367
0.32031753189759915 0.3238701691017198
0.15596106398232784 0.3297936148432425
0.32516410496296705 0.3304410845935634
0.1970242527152607 0.3312152879310285
0.29194797538971995 0.3368427278096359
0.32624041567722845 0.33736898393172726
0.2776015564288453 0.3389089183872509
0.1572532122012421 0.34207736362353003
0.2587678122598124 0.3446660484615195
0.29064547511390115 0.3482093805743047
0.24859097911595773 0.352721418558781
0.13759793169933837 0.3527901728441641
0.16735298329912257 0.3543873472214654
0.27934050204988586 0.3552650915833697
0.3667263480933117 0.36791481039795787
0.11534518699062993 0.3698955859697253
0.36985046103482544 0.37001407630418265
0.37094069235084753 0.3718192663666108
0.12962140594157082 0.37449729525360204
0.3223632433605146 0.37629466211763696
0.24081445916082633 0.37755481736565827
0.3669965116413163 0.3779713644573265
0.3797217666239421 0.38479299411431456
0.17543340525873502 0.3859865860230886
0.278499084772936 0.38687681056218814
0.37398848571378124 0.3892741507959236
0.39201007303463076 0.39325757525797933
0.39458273216102197 0.3946257092243711
0.1378858839133729 0.3985917422511181
0.41693900031730713 0.41860703103361835
0.17111753018743597 0.41922927888890843
0.15533806394509048 0.4250853004208899
0.4255116693974834 0.4357932843650655
0.4114532772045163 0.43777131041897893
0.36027233346641546 0.4466882461762569
0.4477326650986079 0.4479850705344683
0.13543403040086363 0.4533273340572807
0.17157776009322692 0.4539881451137182
0.344074050258149 0.455628992917638
0.26416454766169534 0.4640182864537562
0.46706840003052696 0.4671463684761648
0.15324808095477704 0.46734603620080056
0.33579813101669004 0.4684767897792473
0.23512411629732438 0.474000206160074
0.4648980253410301 0.4759025670004936
0.4756212657442177 0.5040387245272916
0.38672045902944674 0.5141356458913587
0.518756359095972 0.5232127171868324
0.4535460187244381 0.5323860916183757
0.46173434501365496 0.535279097174933
0.47108489633672074 0.5414593062393516
0.5368664134927355 0.5421593244050026
0.5084750554676003 0.5568807739906745
0.41786389896498477 0.5685458785123302
0.22478096404447126 0.6115025385765643
0.16758364873740528 0.6217236872818878
0.1504390555575613 0.6251561486698143
0.6281820304067083 0.651625846094427
0.6691462914912183 0.6741658573594427
0.3793640087241483 0.6806837328787947
0.6663029013233572 0.6882584505306797
0.15443552683233758 0.7149047969156135
0.14701286678934813 0.9347797514063845
1.813529334750876 4.000000535804957
