0.000517787925706073 0.0005178624725096853
0.000576501147981809 0.0005768365721234025
0.001264502709468396 0.0014734849275039325
0.0011803395569866763 0.0015405463085838337
0.0016372379564087932 0.0016578276282343749
0.0015446366451210998 0.001760490847247056
0.0015349511610267211 0.0018340651701423
0.0017581858586026885 0.0019380537361532633
0.0024834424954896664 0.0025052316826700604
0.0030825274127880948 0.003220821396964399
0.003472784446381861 0.0034889766377087924
0.004150091082561463 0.004187570725188864
0.0024460533980500414 0.0045559718834044804
0.004512796001669017 0.004704982573610853
0.004812653331873994 0.004815358851968936
0.004291979960790603 0.004982736920915251
0.004981281544663292 0.005099412879322275
0.00500580954683532 0.0058492256450499314
0.005070440694423626 0.00607485061250401
0.005237941527317604 0.006211635165383024
0.005793128851619413 0.006295588528676194
0.006505978658173893 0.006599594265358595
0.0068758086695615344 0.007892392386088545
0.006657043557113931 0.00811812834433946
0.009042938905953105 0.009052304417699877
0.00830576547194516 0.00931757481419763
0.009116988582774948 0.010124415274048566
0.012922215135882644 0.013064444288332986
0.01287343969587254 0.013756839851644791
0.013721536143657374 0.014195480834351619
0.013467490583741169 0.014727564616619412
0.014375132099864454 0.01523019663523077
0.014609540736191435 0.015354186109067422
0.014470680878649474 0.01600892346344436
0.01659206134310817 0.016707542567700878
0.014909921525977147 0.01681330668736413
0.016920476523609475 0.01709060515295996
0.017826573521888288 0.017952243485279802
0.015021683531013309 0.018006421803005768
0.01847221766366917 0.01870058976891274
0.01901849242632956 0.019097401806616583
0.01842354488346863 0.019248219018140073
0.019254284148355956 0.01929709580695851
0.0193822850293503 0.019791963760450188
0.017564503538453402 0.019792864974542346
0.018747197439600065 0.020192801187087356
0.018599635610088084 0.020323341147620636
0.01857778117456764 0.020499706000839654
0.01985076067662385 0.020730991871761025
0.021054368374837706 0.021057362355443424
0.018440374044326066 0.02170836373646085
0.02153773057016208 0.021717337745559548
0.020081441260040585 0.02212967351975391
0.02129216805127636 0.022389422570423586
0.022099506354093756 0.0224197854913819
0.02232588432302466 0.02257429445247227
0.02163801299090864 0.023091372549106037
0.022934002158496967 0.023290900673448217
0.018362940613145518 0.023532387373597943
0.023699767565201507 0.02385954899567009
0.02401460681040781 0.024018041404710293
0.020520442709611845 0.024347990755520736
0.02434731568347044 0.024812778841111993
0.024565082868052493 0.02491925488313527
0.023561435839485105 0.02538896358817206
0.01383701531676714 0.02542372930996299
0.023976025809879595 0.025466019644093018
0.025661579582203727 0.02570954223057573
0.023484323506968302 0.025761967422387268
0.023708990452651263 0.026797747693428364
0.026762710006454676 0.026944068306266677
0.026945680168356485 0.027063890327237015
0.026406071864729812 0.0272038497128226
0.02712572445623973 0.027256317127203684
0.02763755662552385 0.027881304917094667
0.025825658676712125 0.028714011639248676
0.02823016534954604 0.02917539775097651
0.029092811310671915 0.02925506530456018
0.02722260048004651 0.029388340256856726
0.03010271190295455 0.0303592521362119
0.029285544276356663 0.03075198247986077
0.03142068917720055 0.03187691297859729
0.03202930130368953 0.03202935710466204
0.03203312777675388 0.0320464755486092
0.032564009762426765 0.03257378330225991
0.03202660890439658 0.03279049016676819
0.017579301106164402 0.03283794840683911
0.02957017154654309 0.03297132849529577
0.032424503721547746 0.032992912967875376
0.03389634703447393 0.03418791654648308
0.028003113817435244 0.0344497994198687
0.03471276140973079 0.03493238344058012
0.0298800102824881 0.03536226679640568
0.03412852996707702 0.03548367038560542
0.03409034275085335 0.03579285697172535
0.03579362397849728 0.03588586409199235
0.03448551337314714 0.03616156655675053
0.03592995282349281 0.036276223961897676
0.0353256289819605 0.03673342728039429
0.035802265121536815 0.036750493017051106
0.03643687233602626 0.03748294852047367
0.0158422582559021 0.03748596922281616
0.0364904262061069 0.0375201727138163
0.03835240649877799 0.03837436472561383
0.038350784205505424 0.038415810440297064
0.03349553986987473 0.03873875271014844
0.039383649434869036 0.03965896667067848
0.03975303045124204 0.039981116505444544
0.03696672103630852 0.039991953399096856
0.024318985248164088 0.04041532089146346
0.040936324967911025 0.04095335573485897
0.03418881349610201 0.041127232269710656
0.03339707671709697 0.04244672023123768
0.03687329761178902 0.04264528972025723
0.043191968913353786 0.04320174093448909
0.041805671652948816 0.04346722506853292
0.04186771386005365 0.04374769922078326
0.04332618036746047 0.04566587597821696
0.04470934583531401 0.04608604065198382
0.04604645938700434 0.04634084721421818
0.045592374111340636 0.04643454164134111
0.0467697292197271 0.04683013156876853
0.045655838772155045 0.04690905841709965
0.044707016163286394 0.04711875125131698
0.04711908434469904 0.04718545957709255
0.02264095941262266 0.04755201367282892
0.04767593252640123 0.04788133958382993
0.047626703708492035 0.0480857977308528
0.0487275867712607 0.048749003142951296
0.04985804588501565 0.05020816928285661
0.04968264814203766 0.050639996097211974
0.0499283808255173 0.05116849915694428
0.048981203566783454 0.05131114690698761
0.05106964738481703 0.05239863467714613
0.05327180962675019 0.05353510216703785
0.05248158978919039 0.05382811749691042
0.050741684453829615 0.05406347602193545
0.054118484287097444 0.05427769927361054
0.04470727149139195 0.05430105877289968
0.05282272568399158 0.05486316638496652
0.054660281703796096 0.055752397180589476
0.0508508255345444 0.05668638657515434
0.05397029050160629 0.056839682233736644
0.05622785339885067 0.05701397837134506
0.04801641515146394 0.057521742283386065
0.057865961382051224 0.05861401724273893
0.03891990137688027 0.05866459101559595
0.05743464048573286 0.059175510301306265
0.0425259635126721 0.059442227116856566
0.05980798064919831 0.05981572555723641
0.05906620114096487 0.059915756484260514
0.06009143979763598 0.060179437950034206
0.05421817461863389 0.06095226952396631
0.039615479780140246 0.061050826844125966
0.05316892018771813 0.061347881566426406
0.0557964575832596 0.06159010476743959
0.05882329449896362 0.06190272859774092
0.058017284831787995 0.06275340080531518
0.06242416846826987 0.06275857916593994
0.05648407587306094 0.06334248336139148
0.04316918006732343 0.06386449838449196
0.06257870173273733 0.064197482955401
0.04840324346434759 0.0649546190772627
0.06022436461032206 0.06592206297901167
0.06527225557263225 0.06666115284376924
0.0666873209636139 0.06694126823873867
0.02700359758061387 0.06708091571053736
0.05977909202785701 0.06766265332373203
0.054188718596045723 0.06829106652457739
0.06821515338718712 0.06837265112942909
0.06870044809860287 0.06888520037740262
0.06681555095156289 0.0690607211602347
0.05470334624900234 0.0698827685252964
0.0686866469496691 0.06995887333541598
0.046533160617787145 0.07287363072056699
0.07075209409042724 0.07335977489951491
0.07200501020247757 0.07374983255673881
0.07405243117627676 0.07411463592320856
0.07459562132284903 0.07461533751011393
0.07310766262334542 0.07512631392965634
0.07529260863059954 0.07529682459560219
0.07291704556320495 0.07607201155264819
0.07370034939412776 0.07629122085304522
0.07363266935754471 0.07641724158083282
0.07584305002190014 0.07654694839749752
0.07700400482926394 0.07744566842811819
0.06364242108780004 0.07776341760703004
0.07749503415947015 0.07801413061416694
0.07209471731294462 0.07846161316028945
0.054719979051488656 0.07890123608061501
0.07888465578517917 0.07890406556956231
0.06224208883886867 0.07901441325740294
0.07473181284103766 0.07914315317316999
0.07210928016338841 0.08089746640414672
0.07622858254496077 0.08124796514075307
0.04256160098373362 0.08259150800971296
0.06326615401737944 0.08328803892136279
0.07502103371860631 0.08342762284694553
0.08287527303685734 0.08447656554327632
0.08272004043709358 0.08495509058564607
0.08056049521515049 0.08512003014654008
0.08467927957068638 0.08614659812670081
0.08632619510686615 0.08728825091749472
0.07451745792841506 0.08763418402700038
0.05196597706513784 0.08785966674420394
0.08230461534447452 0.08843528416964257
0.08882138256828448 0.08884221514632011
0.08250475903456493 0.08965352249018886
0.08874991969278359 0.0909250972372423
0.09118566322223867 0.09178759301649163
0.08967747665274556 0.09206535106917121
0.09046452571680072 0.09254054026675468
0.05374105559421861 0.09462308392058823
0.09514585011788473 0.09532845988718319
0.09585707026360625 0.09590828485094695
0.04484346835143402 0.09607003445092586
0.09314888063221416 0.09619225030217161
0.09391867698418814 0.09639242930079304
0.09492701731781937 0.09786482502291623
0.09233627238003161 0.09822975711832585
0.08813764768226955 0.09881251549298484
0.09814645893862889 0.09925809932428432
0.07983037499270222 0.09928014265852766
0.09547047061887873 0.09929144537445656
0.10055546739336664 0.10056176213295687
0.09971171847879334 0.10075643548369047
0.09526799410415804 0.10169975647003641
0.08977053163782307 0.10254889740825766
0.08496584012125954 0.10261294890113953
0.10480466072769734 0.10732984749302657
0.09037055236528833 0.10743800581296895
0.10812515687266855 0.10813561470366749
0.10816870124439691 0.10931750710789022
0.10851942070987718 0.10950105997146838
0.10418656789212867 0.11032268170657349
0.09750916504435769 0.11069039438573024
0.09335783086413707 0.11133064619169093
0.1048764380381108 0.1133426776633198
0.04943885494243752 0.11343157199146565
0.08522887661425965 0.11400169196703419
0.11192259816594918 0.11470141687971323
0.10154876336711517 0.11532608075054292
0.11432206691854153 0.1155819212575469
0.1034646782297743 0.11695067430548986
0.11113238139418238 0.1170729420805114
0.11709004764619795 0.11867309856803712
0.09852437338807764 0.11939479955787369
0.12016694297572489 0.12020301736928021
0.12027593283647064 0.12116567643418452
0.11639905270924245 0.12126492089934818
0.08752054971050571 0.12347561424759747
0.12133065664700657 0.12432108546948172
0.09002241624050587 0.12452580554366226
0.12453959360833221 0.12496969929009012
0.12318759550591687 0.12502439004619348
0.12419825852143893 0.1253592498731624
0.05628450791855278 0.1258418660581304
0.07365742531173292 0.12673576478867352
0.07209507925058561 0.1269850936779721
0.12105198419284545 0.1288489370397994
0.11379011328154026 0.1291601995775465
0.10858491446964953 0.12923856347586934
0.12983432655709892 0.12990633809664323
0.12914917259211464 0.13008581763568228
0.13016872310055183 0.13042650519857055
0.126982648134096 0.13146524120566536
0.12978623851393714 0.13379941543770882
0.09511496985022483 0.1368260329258461
0.08627106921004585 0.13814203433214556
0.13816237735279965 0.13949515781565697
0.1329086785383999 0.1398790602849542
0.13877938312716015 0.14040491557084248
0.13206181015304008 0.1407604157772717
0.1295151430316039 0.14153894657349367
0.12284395249508967 0.14195725642392032
0.14082268998848282 0.14230066964984228
0.14083494115878414 0.14246768149798114
0.1385274084997801 0.14392930992946365
0.1412121730792448 0.14411526519233944
0.14099443922266355 0.144478992283159
0.14380973460816335 0.1450875815194881
0.12828281103122752 0.14601242921363053
0.11741081023257603 0.1468753142888103
0.14768848711610857 0.14797515099344705
0.13434661901302108 0.14931023706666538
0.06223622950172535 0.14934725069920252
0.13134258984343003 0.15176043455535704
0.08934559206122092 0.15199839575602106
0.1536807881272068 0.15374687125628003
0.1545883695747276 0.15462432664372214
0.12187533245818406 0.15462839866254083
0.11317511936840238 0.15463787167394002
0.11182498583351509 0.15551287505030267
0.13813601399980044 0.1555580227636971
0.15097716929874588 0.15564468082891486
0.1511370372766165 0.15615523053642774
0.12349017293977622 0.15671112571789728
0.1577070142016152 0.1577546265117879
0.14663139204535275 0.15807107978646273
0.15196574826795556 0.1592009361245842
0.15973525382368384 0.16000296795784183
0.15149065577848092 0.16002439640268726
0.14624353074842075 0.16084718810017604
0.12800349347955597 0.16155169961946528
0.1284901886720468 0.16202288561146533
0.13223271245817372 0.16414605456494782
0.11199790153932362 0.1648349894277427
0.16498478379966253 0.1664022177742877
0.09648880385075692 0.16905558138212548
0.15996323990088196 0.17044665643983856
0.08383432465035516 0.17125392070402995
0.1558701333202764 0.17159312248391986
0.16964718056405087 0.17168685511932802
0.16314802284031926 0.17195745745449373
0.1452321187874356 0.17397376972045892
0.13623036043062234 0.17499253550537078
0.17338497656738167 0.17530533299488066
0.16748806422709442 0.1768752015901407
0.0598009065658587 0.17761859448751205
0.17828540964949516 0.17870920570323515
0.1711814524847793 0.1790139760383915
0.16491441669168214 0.18019208813312568
0.17796767747238185 0.18160751569288733
0.18279219086470086 0.18279610239082783
0.18307777795006813 0.18309172887193154
0.13481445570776765 0.18312549927252167
0.182426921610518 0.18427533463187892
0.13329727650641077 0.18714311462885141
0.09173891902921658 0.1874263504284838
0.169660379164294 0.1892580212238043
0.18281654730777033 0.19182406612982109
0.16674639084380247 0.1926327420271691
0.1867418186367596 0.19271855206823563
0.17985128322549468 0.19694312025846897
0.1867656077172825 0.1971613619993721
0.14436837741854833 0.1976556163549934
0.20125247228228427 0.2016500634290404
0.2016722511709297 0.2018340517456762
0.20180611375813373 0.20218526249543664
0.10627367735306198 0.20249538991977242
0.19655688726889048 0.20317470521699674
0.19678533340052043 0.20333155332246147
0.1893919601873024 0.20351052147419352
0.18391791664087165 0.2054552418939781
0.2024619170487626 0.2056509397592784
0.14407501819151514 0.20833811247380196
0.21099667402257188 0.21130681455234762
0.16594453579919574 0.21376929859390856
0.2082922077810232 0.21390231325359457
0.21386246234899764 0.21420590993216082
0.20667983116153327 0.21475868423081668
0.21476670120269445 0.21505360149564934
0.2081700736883197 0.2151985759207104
0.21505851668077244 0.21602740838624984
0.20231046822676765 0.21942097325243917
0.2181598727220143 0.2220322207346372
0.21685979484941326 0.2221467827485786
0.21464579781553858 0.2228375580983366
0.18429845838559825 0.2250106949076825
0.20668950874310063 0.2251228952272766
0.2130092440340051 0.22611697455695065
0.22585561407070345 0.2262173684057189
0.1433938194823218 0.2271144411163331
0.2003451967842655 0.22712785351944204
0.23003626917741996 0.23022082418181913
0.22730948274616083 0.23350497807240334
0.23422270342451662 0.23545240006922505
0.15857797492920486 0.23745576793622433
0.10959404166322953 0.2398657466464619
0.24229926005191518 0.24236930061567505
0.24252675266755797 0.24362201490743565
0.2066781453387202 0.2442864449185508
0.24537116636415499 0.24573479900688946
0.12727792586827563 0.24588378585745993
0.2471310959706277 0.2474620377081528
0.06128031291448493 0.2479735488723526
0.17567922521721752 0.24829183042357103
0.24577458546137282 0.2494682647657264
0.2374783557201541 0.25190472514294426
0.2519930778083044 0.2522067988334061
0.25081130960750697 0.2528318609989559
0.255246071464956 0.25531732850348837
0.2545961096213921 0.25627339921394676
0.2563825383551368 0.2566778103480033
0.21587528380128485 0.2575471917194303
0.25635039962170414 0.25812748724293194
0.25828984594436744 0.2592408605872947
0.09712152456097867 0.2594258853704766
0.2311260977804941 0.25953538276919935
0.09766598990921105 0.26145515311460404
0.24037717283943955 0.2650350566969356
0.11096550523004639 0.26572927374813415
0.0972831776106731 0.26658119267400876
0.2490917405899 0.26677464181222726
0.2675709805105172 0.2692069768372761
0.26821257794539227 0.2693774662937866
0.2443095370749617 0.27136981472456845
0.09875249645346244 0.2757491912764385
0.17709504858707897 0.2768945133017525
0.2766193369757192 0.27899500169528124
0.1399174655995396 0.2792528383754469
0.27751163447158933 0.2850150693565422
0.26823487269218876 0.28530478653989
0.27389606035027686 0.28813624478510347
0.2786995292196214 0.28979178161554375
0.2540059344011321 0.2906320809139399
0.24053017013663128 0.2933565699167605
0.2957822361255225 0.29736068699984897
0.26977876763716446 0.30079669304383255
0.2780509571107937 0.30435490655996383
0.28629067411888304 0.3053085454965148
0.20688075985834514 0.30720237019359703
0.2960990496119057 0.30739169642832975
0.2858686771446092 0.30750889149441774
0.30734996581499574 0.30892695436717427
0.27859515553645203 0.30940008477478503
0.16325044785218185 0.3096958674133301
0.3109547069446777 0.3114120094935291
0.30131633521613704 0.3130525482496968
0.3172887258463851 0.31742022208901527
0.09727041548223166 0.31846815796455263
0.3142298368143254 0.3188150233484891
0.31884899676339845 0.31960277560588735
0.1706176993110325 0.32118766140816774
0.3119167935203077 0.32469364072828044
0.2956919896416998 0.32677773610968863
0.31264112594221405 0.3273566383724422
0.3018264431286443 0.3284656120749983
0.32768613414674846 0.3293622045136892
0.2838179286584901 0.3294359281213706
0.23037901452517057 0.32955628665173914
0.3316463550811021 0.3319385125168052
0.3152427000376116 0.3341602310527234
0.1669182161093155 0.3379403546142984
0.3139068797903148 0.3426844191986103
0.27167608315634817 0.3427893265566652
0.32517946321042324 0.34441695055770294
0.18325510634056558 0.3451418090051659
0.3495858123573444 0.3496736355438934
0.32420184205336694 0.35178718288695565
0.13645164694627118 0.3540856650611688
0.17711690552940418 0.3554204786812245
0.34557352770366007 0.3565834657079723
0.3060610667126502 0.3707770898362091
0.37211186339252494 0.37225107182269024
0.09398388547623937 0.37293327152390704
0.372868021838137 0.37625565681629386
0.3220017050498428 0.38183003321942743
0.3443707004270033 0.38344894564723464
0.20340051656959826 0.38391304639910245
0.3062482822851722 0.3922841787647209
0.13975142814502098 0.398002984737898
0.4008298713125322 0.40158468529651553
0.33991898584740826 0.4040884255096762
0.3035886191632019 0.40574435203033776
0.38634837927314736 0.4114901775402244
0.4141151421058683 0.41413576676117986
0.11706906505280472 0.41453077407917505
0.42285963709132196 0.42383562287986226
0.419749738972282 0.42560381057407376
0.32275885195671383 0.42609142816543905
0.09666835001072768 0.42750869490063703
0.41523594485739934 0.4432165841306777
0.21765102398126188 0.44885917141820664
0.1530299244933827 0.4542111177974231
0.43314642608161835 0.45917488770819137
0.44048376716616444 0.46173744275795003
0.4637463807674657 0.4649411586837997
0.1930094461479973 0.4664605619190709
0.3687758864122869 0.4718015436393112
0.46919616396455754 0.4780285640908824
0.4731624854789928 0.4847237014479061
0.485142768682744 0.4859177685143766
0.17518313894021337 0.4876008350384921
0.17454979856957786 0.5037624455549882
0.41601520668573283 0.5053940542534713
0.5142530418598991 0.514541899154797
0.5276005789748329 0.5315409516394634
0.5345491744115514 0.5571282504105233
0.5320721892817433 0.5589544059852063
0.4285226072611305 0.5644676151966137
0.2650724681988541 0.5703095819809274
0.5460702677041342 0.5793827967830211
0.1489548590079664 0.5809077318392508
0.1981943491471681 0.5979555611141215
0.25366290738563246 0.601804292704168
0.3888973635179358 0.6120085378035294
0.1848762406468409 0.6500753793303474
0.6515483848706407 0.6517739658679833
1.9008675930665078 4.000000459932953
