0.004153319320647691 0.004309944331460148
0.003659300223593392 0.004343962711890925
0.0041388068781240414 0.004551927571236711
0.00479913021499166 0.00488055297634017
0.0057388262327649694 0.006218305449553536
0.0067804278815394555 0.00757057895309481
0.00724191419743482 0.007738320357973397
0.007896265243301998 0.008234775011102256
0.00867992095062611 0.00880990689239404
0.008281984468144175 0.00924167370778751
0.009636299827665592 0.009636744494825423
0.010108191700924123 0.010328050957280446
0.010141507036735255 0.010534066665410593
0.009564392408963488 0.01068671597928648
0.009686708352953679 0.01086284880278192
0.010796908616390745 0.01104452085570988
0.01130332914837938 0.01142728202832994
0.010373352971506974 0.011503219889820613
0.010423036847115402 0.011673616379778061
0.011612853251905227 0.011761798763207076
0.011917119001340085 0.011930124962235321
0.011006913982719043 0.012531789318207037
0.010405130916123145 0.012574521451280952
0.012523811895779457 0.012882844950709068
0.014527276362450695 0.014649076739736927
0.01403096761382288 0.015057532254229549
0.015666064258826006 0.015666162987103997
0.013002197218660982 0.015715520320177787
0.01595804410375634 0.015989578418696204
0.014542028974888845 0.016045345574534936
0.01416679265164536 0.016364296131486607
0.0156938647642073 0.016373144363333463
0.015174007704249048 0.01648729629958793
0.016422396275432558 0.0166204657627786
0.016145551837379875 0.016872452102946082
0.016981754687845085 0.01702815602696332
0.011876961647116852 0.017645143539966174
0.011422754067872198 0.017691895801627305
0.01624895973663496 0.017762291079907174
0.0178909058891986 0.017960829250992502
0.017887271715522908 0.018579716321215013
0.015761798544218678 0.018844680788054072
0.018819063128218155 0.019023815693997456
0.019431991493826368 0.01945637689813783
0.019419594028508333 0.019771490773873728
0.019990944997267644 0.020130284504580206
0.01925727706439389 0.020237687522156215
0.017391291190214472 0.02037079722878437
0.020887304014017342 0.0209038819692399
0.02053685155163263 0.020924200753158945
0.020908716287934736 0.021287503186228518
0.015688768536476844 0.0213216669488762
0.020701175797413502 0.021352015072037055
0.020270010278875983 0.021372982917895078
0.019523657807210968 0.022270307386052787
0.01766711430754448 0.02325717821955181
0.02091594705047608 0.02349744768734213
0.023300402769707785 0.02351977681039291
0.02485605571173817 0.025217691346663115
0.02515234964016591 0.025467354320805408
0.022384490041440434 0.025706845939840885
0.012106708653340103 0.025723197922332807
0.02647350290560974 0.026876845437686522
0.01605697289614824 0.026890966233112452
0.02337267370728386 0.027057785166985152
0.02755167538840777 0.028528955456989954
0.027609258230332598 0.02939749493574135
0.028531665349383905 0.030087855427423725
0.020732114265181227 0.030285986226048067
0.027109877687944026 0.03196899058282048
0.0274428397596781 0.032155645251608335
0.03252809343604491 0.033289430560650535
0.033386220232872806 0.03338722614938646
0.03286616780239521 0.03358422537985682
0.03458171234490612 0.034618638240197674
0.03129552597144599 0.03463765660469179
0.034894741562235404 0.03497261210785625
0.024378150977649407 0.03531419557740171
0.029692999255885002 0.035450422297086844
0.03471555542857202 0.03555065526101492
0.033730490313046896 0.03573212140343881
0.03524917135673921 0.03594616532285145
0.03723814288551431 0.0374958145556615
0.03259096337191053 0.037872300712221904
0.0303376691856232 0.037879222250885136
0.0372760361519564 0.03829303641257542
0.028148357284012104 0.03842191231504352
0.034715703384454066 0.03868901528958236
0.03383188825824362 0.03870322697585007
0.025815439471280427 0.03886852994029376
0.03914770647374485 0.0396646702480634
0.03660111969436293 0.039684028699274114
0.038897589199664705 0.04012667993678649
0.040869536790847 0.04114580220743021
0.04173525281260043 0.042764570720317925
0.04224828245043969 0.04290665848358033
0.03790638169174721 0.04355647087425323
0.04302910509391758 0.04381832434004773
0.04158813752307622 0.04406752099901697
0.04064352874130655 0.04409112743223043
0.04011136880270836 0.044538153721221406
0.04129582577588374 0.045572518055832824
0.042660553064504815 0.045579162770631364
0.045716668163903365 0.045735834649414955
0.04478736319015818 0.04575966370147118
0.04503022366911919 0.04646861579074073
0.043721862437475424 0.046483145469826744
0.04566995977050168 0.04717966215017621
0.04728838941413561 0.04760725544302839
0.04791349264729615 0.047914137648826266
0.04755456020865244 0.04860106886963624
0.03621519685058528 0.048739777954757084
0.039744052825203165 0.050143799804552594
0.045489394904993756 0.05015514360597749
0.050319067032150486 0.050332813859214134
0.04706044654897637 0.051441589662042375
0.03916047704654287 0.05193070741956712
0.034308208075265745 0.05197184968081944
0.035938236815392696 0.05208299577227678
0.04779108968134092 0.052210593788452525
0.04940819975014137 0.05246433612050242
0.05367658824936037 0.053896248658096425
0.05361142929158114 0.05392422904899156
0.050543030008478665 0.05410214231953696
0.05437358208973769 0.054474443844593684
0.024880912748638802 0.05575102488010486
0.05594782253565428 0.056030999749929034
0.055256610973918985 0.05634402447509755
0.05615168076266493 0.05654237892040617
0.055797618062871736 0.05734392590471887
0.05741550789567826 0.05777427238278741
0.04734594710293025 0.05799957149606855
0.04766583054566495 0.058204344256538386
0.0551656709904342 0.058334415257734126
0.04580915238235416 0.05852631527542289
0.0583645930424473 0.058893353886623964
0.0526330264491068 0.05892963212525284
0.0377483224078471 0.05921804211478922
0.031225745262517892 0.059558332404125267
0.05860154635608854 0.059562572254478134
0.05832633482942343 0.05965742906316104
0.05417835013014771 0.06050125833320805
0.05984582234707274 0.060606609648462546
0.04953180754656587 0.06075078444300698
0.06093617939294748 0.061011738012937314
0.058814834413581714 0.061717907997631195
0.05938798805402859 0.061940189884192205
0.05975669347420381 0.06253905470760797
0.057952718024058186 0.06351906104210499
0.06432992996654205 0.06469720247207249
0.05174870260539082 0.06493916291648379
0.06534915864948258 0.06536222535047258
0.062020976073330146 0.06547523822529105
0.04806457939593462 0.065800025639949
0.06581695382187601 0.06602015019513875
0.06160415854006422 0.0660359680848526
0.06605831699305538 0.06606226238934321
0.054417906451201946 0.06646654542198012
0.05496230094198236 0.06785389534565558
0.06835190871133079 0.06835197077873975
0.06564652557681093 0.06841712428531731
0.053779271865585676 0.06973398463254694
0.061232592660121134 0.07006489784738658
0.06222766496689163 0.07009577036937849
0.07013031487660026 0.07016009427462842
0.0677016888477502 0.07016713760647102
0.06710670670694188 0.07025653072612553
0.06740623367738963 0.0710127963764286
0.05624189482650878 0.0710226909129546
0.07085316532374202 0.0710656405543955
0.07076607959570537 0.07111632742265894
0.04617923849402318 0.07138851144184911
0.0695473425127293 0.07160400838493597
0.06503441151738384 0.07185434928439886
0.0722406385863461 0.07227143303880479
0.026615293117408928 0.07266241747796584
0.06107228491721839 0.07300069748406975
0.07104732346969454 0.07425543669656555
0.07081092573938537 0.07618599626347135
0.05557320498233768 0.07671234974964782
0.07255020498805886 0.07750693406854012
0.07310693268841707 0.07804373967714007
0.06460299543024961 0.07829754861455031
0.07302445129934124 0.07915355758171198
0.07872441900825758 0.07931257035423338
0.07520625370678824 0.0800514102523236
0.06404160815444894 0.08014993691680601
0.0542228656372541 0.08020842957126736
0.0737091308921499 0.08052280518545847
0.07215585341323513 0.08060887751543364
0.08010686780151048 0.08131025053564737
0.04784845610664414 0.0830355064031061
0.048165161665679045 0.0844434266863613
0.07226160435806517 0.0849773145833232
0.08580126079515571 0.08625338817268294
0.08197043387875258 0.08659708468295496
0.06391619227239927 0.08753031849333653
0.08761927982924568 0.08782290526500595
0.08446720206606738 0.08909109993305821
0.07181821393756965 0.08918812122432546
0.08927591511904809 0.08935439025074697
0.08724317240667703 0.08945424194243297
0.08856306402782907 0.08969318064123828
0.024386541365567428 0.09040382098849802
0.08957707152299639 0.0917200611945535
0.09260350795111659 0.0926911780816371
0.08412143177720238 0.09426085173935739
0.08964274259107245 0.09488384023190165
0.09633357199632661 0.09677913477901322
0.09742099650350197 0.09871294553533923
0.09574766377496512 0.09888407444279015
0.09920548760496448 0.09921127414608617
0.08853522795854366 0.10034509022495817
0.10182332782387837 0.10229341155058605
0.1021244248017763 0.10286492161121631
0.0951417491624945 0.10287398275723202
0.09775952518568218 0.10296049756330233
0.10205912869219401 0.10341839202547458
0.07870282496494158 0.10435173668310123
0.10431984583943205 0.10438853496684666
0.10096626823725874 0.10497610927580918
0.09629266720358991 0.10505949403972897
0.1013082506169007 0.10506188213635358
0.10412694409225715 0.10551352103913741
0.09015447832497363 0.1059083361758425
0.10771634987280634 0.10773487855867706
0.10230278323215417 0.10791938074900921
0.10335681925492006 0.10890814745133
0.10278784294046518 0.10926028472630049
0.09697213594559849 0.1098295644081766
0.10367405073869017 0.11028587025914434
0.10498257045165565 0.11077518180189529
0.10174078756752783 0.11133484580923886
0.11329001329793678 0.11352157612129374
0.09283438342978066 0.1146636684132792
0.11446608345183225 0.11477611826836077
0.10598900385715178 0.11478891751949145
0.09470767636853639 0.1156940705266508
0.10349231949282604 0.11619450781906522
0.11641128226395786 0.11657225433947445
0.11668619741862671 0.11692359666650871
0.11438622743122491 0.1177858821907538
0.1175677005165033 0.11825054602608806
0.06667847559933221 0.11836598677862033
0.09825528089275468 0.11893929270160977
0.11838844957764508 0.11904161831233742
0.08673770239964414 0.11922433030143909
0.11962966254394033 0.11968864040361915
0.10316145152487084 0.12028770508880975
0.09142955706547296 0.1225325304453176
0.11625644398655544 0.12285904480042616
0.1053525300953001 0.12312671229698136
0.12445903931095338 0.12446165147919393
0.10641763123975652 0.12480870049679965
0.1124301829249055 0.12624405764461977
0.12675661467511293 0.12680041894279906
0.11883665116277448 0.1271473765354419
0.09361069549129533 0.13107160117011196
0.126182754089844 0.13109668823612403
0.12893933509215205 0.13156230739710578
0.1264516270568343 0.131630497895299
0.12392256849973966 0.13320298321587887
0.12842114866877344 0.13366262225153822
0.12546038050821048 0.1343146213332852
0.12389230561143645 0.13490501283320858
0.13418541044755458 0.13665958679968113
0.1267401780030565 0.1372701480843433
0.12808768852271615 0.1377144690277331
0.13762780698879012 0.13776723983143596
0.1375143652404099 0.13802419230229557
0.1424336718206085 0.14244340387620086
0.14267373575122297 0.14267451673135795
0.1411400053112062 0.14308416405905824
0.14314853614761353 0.14325780035533117
0.12310853617064857 0.1434087191759409
0.13669587476181033 0.14474178698940562
0.12143356881385892 0.14586221957099552
0.08918891300569022 0.14597393790173174
0.14601074938536815 0.14628353549451462
0.1243248020703257 0.1480134687517157
0.09578482657102161 0.14804092262060423
0.12928878079049128 0.14839722459808716
0.14844106687278036 0.14968515856533882
0.15005833058707985 0.15315822996005024
0.13430629340779615 0.1549620141659845
0.15166560605821586 0.15649191881626506
0.15513710246612838 0.1569733133757168
0.06660646028715964 0.15744405182932164
0.1564545285520796 0.1575382290655312
0.15277461731363703 0.15861917008810106
0.15574576758343944 0.15957224114164106
0.11837061508470521 0.16049910741147883
0.08284302817570352 0.1613107865261494
0.09292425546234845 0.16138395451753693
0.16077662833963235 0.1619014055825997
0.1604682634685771 0.1622851275947243
0.1447599107639591 0.16264397848781767
0.15904100835542964 0.16299913550939452
0.15813966870902404 0.1631733008008482
0.16171661677201332 0.16976466365636367
0.14740666759150353 0.1699079349476395
0.10192092779581303 0.1720203839533412
0.15080201515463487 0.17202839675334325
0.12431278392307127 0.17409568470008965
0.16366497754015014 0.17449057162741927
0.16236174004388743 0.1759906158012297
0.17646287723332194 0.17650415025143001
0.10657936240788911 0.1767743524843034
0.17199601881502705 0.1795786309225943
0.1741503586837118 0.1834445603272437
0.18448104813989233 0.18626542456039924
0.12248922480486236 0.18982134637685638
0.1917922888562926 0.19180834782303363
0.18957906565865623 0.19215969235240815
0.17093493543468263 0.1938207467533803
0.1435549166777607 0.19450985345705643
0.11947287909017051 0.19609364656340592
0.19450535955029022 0.19680381917686288
0.15739187987311543 0.1974106796971532
0.06579003970763769 0.19820989361331048
0.19979696826129376 0.2000649225453847
0.19325525365749177 0.20100802787729244
0.2035737778882714 0.20376617914874712
0.2000799832220075 0.20440586658232057
0.1965187529356749 0.20586649708261662
0.20082955475581332 0.20739475060350024
0.2088672348025401 0.20933404148184462
0.14438132681090204 0.21228101273952418
0.09511155101874766 0.213696627930773
0.2142908242218813 0.21429083173577498
0.15819068806721823 0.21476392413797396
0.21384934364639585 0.21480829993067835
0.20096618927313206 0.2164216550090347
0.19844819149640008 0.21831660176118942
0.21798538222132255 0.21858218464231646
0.21701043486228644 0.21863188010873733
0.1911371712148385 0.21959483952813522
0.22111841442176156 0.22126651022011903
0.21832819468991987 0.22238316729319169
0.21557906810416977 0.2226673109728557
0.22051295301228768 0.22301689013342377
0.21417361560047143 0.22478804757203322
0.17147865073751653 0.22581583645297615
0.23149509567295287 0.23157462683906724
0.22988891212810672 0.2340977384346616
0.23015832141206785 0.23452159051122645
0.16002791644392203 0.24244977384891056
0.23901669092524483 0.24245699781562302
0.21729394324181212 0.24544125490577423
0.14196326206238818 0.2466716125099366
0.22425717592089947 0.24785693641686024
0.2098941878770461 0.24842211641998477
0.24936164984053794 0.24936751854560163
0.2212803564278074 0.25082919855332353
0.21697375284105755 0.2514346640098484
0.251407351105959 0.2528770996250941
0.24736066910523394 0.2551962706817121
0.23406619211759835 0.25538863725485517
0.2005933337721157 0.2569778772754192
0.23932749493147373 0.2575258143288716
0.14035668804110038 0.2577114933814469
0.225879845550904 0.2617448913724656
0.2328130740609224 0.262069372661799
0.2442330695218518 0.2629894756796447
0.25944413946034295 0.26516645254492727
0.2590682477090338 0.2665433487269532
0.2567701851484967 0.2677148276812833
0.25640045133020606 0.26835616597730316
0.24697401434061333 0.2692666847690855
0.14113925724066462 0.2695231647497515
0.2647718393736422 0.26968518081347187
0.2345626471475485 0.26997401821959216
0.22004645229677894 0.2720262209490105
0.25637079496844634 0.273137221950032
0.2743411737937407 0.2743688790845896
0.2722633877214935 0.2747879202174861
0.2734854543486544 0.27528321729310273
0.27804187354200083 0.28244493953120925
0.20322451337974554 0.28351190699304496
0.2689052495917095 0.2867243315864826
0.2686934238726548 0.2887215533200668
0.2523371182086298 0.29290909653254743
0.2903596181502161 0.29292407491582706
0.09329120604761265 0.29319508474053324
0.1079133262993367 0.29401627656627594
0.2938237599579112 0.2943572735530554
0.09342041914820153 0.29458708049644233
0.20977077309117778 0.29553302604935083
0.29590122194369306 0.2960026516429148
0.2952848885514077 0.2965914914872151
0.29642392548362473 0.2987573712816496
0.2781012427891094 0.29921072485003314
0.27627489321309245 0.29972364407216046
0.2927479378987158 0.30186700465265015
0.17742217782026026 0.30654637873216306
0.3053934790418058 0.3085704960263968
0.30131459602294297 0.309830212876652
0.29154407434583623 0.3124696054829989
0.31169657295948544 0.32018754269503347
0.3160815198795128 0.3232731630584378
0.31838880037376266 0.323473192923402
0.24841772115926758 0.3241117263830694
0.3249336365018622 0.32670659991964013
0.3299009131401603 0.32995057842493075
0.25017015010435617 0.33617451836888546
0.32023837316846443 0.33739220004725085
0.32835751119979506 0.33772157282683124
0.33070848493493954 0.34594828278504075
0.3011587620901507 0.3472247218483333
0.3060694981049594 0.34776501227120094
0.34471736516471324 0.3484442244751398
0.352252691801951 0.3523688110331894
0.2445109721554608 0.35637673501456457
0.34205609606055265 0.3569245534674323
0.11591827626327193 0.36343664857636926
0.3714173254763037 0.3732769279952665
0.37206341042508245 0.3812009256927229
0.3660514676228085 0.3812154851899192
0.38075517539192727 0.3812689188325286
0.3537273902155106 0.38331826552583426
0.2647823457869368 0.3855544829447268
0.2598346535203393 0.38682404402872905
0.37413192014428925 0.3875869963281528
0.32755790716480976 0.3887653726887161
0.3820695806857624 0.38965173134830833
0.3193787607284416 0.3903877802217947
0.35767790900464336 0.3912635742910164
0.38269663403586535 0.40404652506588246
0.3784051737980807 0.4044555581726186
0.39027840060703756 0.4063469535061157
0.2222425141011274 0.4168436532536698
0.4192383784143463 0.4195405529338941
0.40687645531333777 0.4278296501200413
0.4291271378432291 0.4297947120541343
0.42927315967261553 0.43477869828537136
0.43647289338808076 0.4365215823368047
0.4361070296137251 0.4370132243299043
0.21132834928257396 0.4396926288778967
0.21914675071120432 0.44228940407675904
0.3276003135932669 0.44290429597582526
0.4418750523110192 0.4430551397796646
0.43873750515261234 0.44542223627031996
0.38537212045670843 0.4454953877482708
0.42949192841318923 0.44891406979550924
0.44887509614929044 0.4489573328396797
0.397364312074003 0.45089240386005397
0.45876004172952795 0.4592773156196984
0.4288010974408639 0.45939320821838736
0.2592857948178465 0.4596204316916897
0.41875283627584337 0.46748866938088346
0.22125687075903258 0.46888451258019054
0.41573048213238134 0.47549976755433143
0.46930883122975947 0.48114792769366377
0.3037743256261545 0.48825653478849246
0.4635775292275143 0.49791535760632083
0.3775731871300671 0.49842317630783095
0.4923661296217736 0.5029444908115271
0.2879942023709516 0.504661658706215
0.21990033586374014 0.5098544685762265
0.49585298652942295 0.5160477512822249
0.46999411865326735 0.5262807753748372
0.5283247663175116 0.528463331869089
0.5055182567145811 0.5310438002773941
0.5147093436616383 0.5343665204209531
0.535674171683451 0.5357257227902819
0.5109753707634314 0.5373583106016195
0.43709178338258636 0.5433237931596244
0.5432552081239718 0.5670398438395104
0.31561432991476723 0.5725982423815075
0.5735753018624481 0.5820394396790348
0.5882261406758965 0.5882440425671805
0.5672044777088089 0.5928972474329609
0.6169557901547631 0.6192107470807795
0.5939551199884331 0.621817963389904
0.4957207923252388 0.6275217415030623
0.5838208809384848 0.6490005245551866
0.6442314710815111 0.6621931196483059
0.5584596673528354 0.6807927289514256
0.3140962814791566 0.6822730667965717
0.39589159120847095 0.6870139527359603
0.6877661497034325 0.6904103277161013
0.22717178319405612 0.7354468927813034
0.448875260097421 0.7375878164939148
0.2157013224655035 0.7380253134407917
0.44442029311441417 0.7382245278480247
0.16377382858555636 0.7431420914221702
0.25101824864793415 0.7505447783838701
0.3464929213452731 0.7555610946970064
0.29577072299615853 0.7620075648587574
0.44763320704857346 0.762039070649324
0.26397720703746463 0.7659189908318481
0.7405795655508006 0.7957221760562522
0.694592296800312 0.8152724444156397
0.7760506185394774 0.8194162533662094
0.658004566208278 0.8297241198671177
0.8394273757751349 0.8482026516735667
0.4743299761210986 0.8583890151815328
0.37141448040565694 0.8595359115319302
0.2353634441807778 0.8840715995523724
0.19838582660610332 0.9023792418435845
0.6811933648053083 0.9087710546806933
0.36280683617939496 0.9188521896295141
0.9479173167224347 0.9662574002224961
0.20983481895179606 0.9825756702615608
0.9790547572272347 0.9827592154120848
0.169918745790835 0.9835775979926019
0.32543962823089456 1.0391527047371023
0.20916478684998152 1.0453623974144528
0.127221821118606 4.000000932121234
