0.004793358078913952 0.005303024981422904
0.0056808417478162974 0.005681262667358348
0.005181680242369073 0.005960267480515245
0.005774876094759929 0.006252925787714641
0.007855135044387597 0.008158020934983587
0.008170612009296488 0.008708529375325222
0.01071222037145807 0.01101648060533155
0.011639982290630188 0.01300118197512577
0.013457324756188396 0.01348834639965338
0.008274576197617277 0.01371876108783613
0.011941535441826634 0.013811803167529535
0.01314953499468198 0.01381229793303075
0.014093211488048575 0.014362858173022394
0.014159384246322237 0.014599294878692671
0.0158518118427414 0.01607213034382569
0.015084236536801432 0.01790507368133132
0.015746123215962287 0.01930204316084868
0.017262514920685413 0.019357479992735786
0.018936807492858053 0.020162407460227804
0.018941712200657563 0.020518266335598875
0.020366725245366035 0.02058855704580202
0.01851936288538545 0.020750799506254504
0.017813564494812435 0.020971104718441814
0.021016977411930385 0.02160443892756863
0.016681636871907622 0.02205414530685753
0.022104867714033603 0.022132976348380292
0.021971914393923403 0.022796328218014403
0.022991761273153433 0.02317655112422579
0.022440579147162375 0.02369850892309135
0.01885664173613829 0.02478296563440185
0.024719644721987462 0.025345708798269587
0.026772382096980817 0.027403957922752863
0.027842395181432805 0.027909932551577032
0.027559670441748882 0.0281670529762764
0.02946736343592904 0.02948852309096718
0.029253178511405707 0.029524190301555352
0.02566993385109379 0.029528175592493877
0.030837852569688573 0.03101517527698708
0.03061143868490385 0.03152172984306978
0.030569275119409003 0.03183199922426982
0.03090601762688941 0.0323237355870689
0.03110561688145565 0.03234190811087449
0.032275910383859185 0.03270367051385932
0.032782894569474676 0.03307588583820353
0.024200822613761604 0.033080241697030555
0.03121283039239371 0.03328878061941817
0.03328051199422043 0.0333960168693841
0.03345820969578674 0.033504580777503346
0.02760711161072729 0.03361893499949628
0.03351399358895305 0.03386728154371739
0.029712420852003027 0.03396258127153864
0.03126364610517668 0.033984105623579904
0.034084626253699866 0.034313780056074286
0.03399820019304917 0.034331379755790876
0.034081548935361985 0.03503186907604742
0.03440428518184437 0.03510975449687721
0.029156579058747623 0.03550830690402318
0.0346484330484648 0.03635608840126345
0.035952092559245134 0.0365648749777974
0.02305578149581419 0.03756448275779277
0.036160603444986505 0.037710798313567995
0.03779928471794093 0.03906912631798701
0.039087280662273266 0.03917856751297857
0.030466453799385833 0.03930589990123508
0.0338983761940926 0.03998603553726823
0.0325038413090906 0.03998951819552826
0.04005236471657543 0.04007582930066119
0.03995719232257769 0.040429845835820016
0.038723426706663504 0.040577025264035706
0.03319006808643419 0.04065799233015069
0.033719601311727285 0.04144119796662197
0.04137721607608403 0.041536492035055494
0.042976076111445265 0.043469806431688435
0.04320977435089092 0.043657096565552965
0.037511303379250446 0.04455204029897708
0.040335909275324135 0.04472403788961627
0.042276307571150695 0.044949114093310163
0.03627629743423107 0.045066767729532
0.03284306378314256 0.04525552219456476
0.0436151556076646 0.045483550554075276
0.045503864104783645 0.04557091863988734
0.04229595366932576 0.04588279958366258
0.03828441814973888 0.04683588082325004
0.044222057513628184 0.04749769908024456
0.0396223364578636 0.04804777982491296
0.04333552749226204 0.04849720151426481
0.04803056709101641 0.04850431351096458
0.03975452440985252 0.05028775219867076
0.04647219954549997 0.050663480532062946
0.048191664464341345 0.05177856624852701
0.051136666920516514 0.052358891228874084
0.052690771832190154 0.052892957440480275
0.05238014460749478 0.0530595228983782
0.04453501377768121 0.054320714705198614
0.042110169823415186 0.054782032317240034
0.047562215265054525 0.05498622192778928
0.053870018266104026 0.05785271078201507
0.05068011004639588 0.0582118572163384
0.049664414125448655 0.05913528278769761
0.059150289911632 0.05931886428617235
0.05411589683228443 0.059395317364673156
0.05760711001683048 0.0610584509445002
0.03708411147709328 0.06135136904394192
0.04846513710951097 0.06247272776908252
0.06286539549561707 0.06314109903221618
0.06311049491416877 0.06362398434979055
0.057812878390706375 0.06379501003121388
0.04137173870757104 0.06456881380037194
0.06459050340988907 0.06600969386907748
0.06455484870363212 0.06610009326285228
0.06612258174056776 0.06613095112642385
0.06657962249172311 0.0667284017175163
0.03605733983489086 0.06718665773591677
0.04558392534000313 0.06721374928809323
0.05460322538827608 0.06727775995179748
0.06736584142848144 0.06740169029568628
0.06734117850797859 0.06767325886262518
0.031195866468097924 0.06796340971622182
0.05879067139821101 0.0679834974640924
0.06789673697189445 0.0680457155116361
0.05829570128811333 0.0692743084772999
0.0712258351417871 0.07142131033050492
0.06650179419679897 0.07153021030836142
0.07161277352814024 0.07299384086042278
0.06858977343226193 0.07361320184590851
0.07225350094743276 0.07374150492774346
0.06241000597134937 0.07391853337655163
0.07356518297956421 0.07396173203319495
0.0708008968848412 0.07413951484947477
0.07325278402536516 0.07462889978255602
0.05036651262916135 0.07550712185400964
0.07359841747076466 0.07560179732483047
0.0743108522049632 0.07625836446171923
0.06609747231658618 0.07802875753057689
0.07734922451776058 0.07813222982795566
0.07179647004254938 0.07836029587222168
0.07859533864851764 0.0786634876427865
0.07829949697797138 0.0786936023090564
0.07680255632401105 0.07892772922965709
0.07347387051878577 0.07905238775822403
0.07930570456573072 0.08097743103648691
0.07963357821777112 0.08137961079145876
0.08097455638823067 0.0814134549553892
0.07239487894246238 0.08345928032017548
0.08145216046440447 0.08423368105149769
0.08331403610559107 0.08478345808801054
0.08491561786956126 0.08493048560557791
0.08593275708661205 0.08653202984431166
0.07572288340768582 0.08694021453029888
0.08724530426318898 0.08725255594797171
0.08207629659894863 0.08924325921015172
0.07683614741555003 0.08927109568621919
0.08838220115767757 0.09003530912580718
0.08355581629599951 0.09023661368969844
0.05210744543152089 0.09041007207889551
0.08199288640888051 0.09224283618315868
0.09008494620912144 0.09246683957745362
0.07420197432137807 0.0928348871812175
0.0810821291626015 0.0930258785818594
0.09046200519747201 0.09306458447865733
0.0864747569520065 0.09309857819999348
0.0900497733077729 0.09353973142708837
0.09016778019060886 0.09395488294757885
0.06866428413879881 0.09452814225802872
0.09491307688222533 0.09496917211412548
0.08964313754699664 0.09596191853673544
0.09621466996729629 0.09667397758862047
0.09301277522017737 0.09807547222286732
0.09134609440310622 0.09893555336960028
0.09787804389357 0.10036324821059162
0.09994004780891363 0.10042264845760249
0.09921358029958506 0.10055882444567714
0.08928711696948617 0.10407493883571518
0.08956197065662763 0.10491589685161883
0.10386479316846647 0.10505523217788765
0.05729166214072233 0.10739574225657463
0.10025466218826078 0.107834834409186
0.08776151912726238 0.10804247186665307
0.10341771902884032 0.10858852431768186
0.1059748107392107 0.1091920843631955
0.10687045805512267 0.10951713180002139
0.08957833837765762 0.10963498891850204
0.10949341813349495 0.1097781047141586
0.10154334376812771 0.1097993536095932
0.11002847359963364 0.1100355389202151
0.09555748193706455 0.11048799603574304
0.08608527797388843 0.11108016629515749
0.0882066843958336 0.11348355498962086
0.10734074104693686 0.11463724325833882
0.10845651929998637 0.11559632188257776
0.11236810166534474 0.11616148811218509
0.08663420390394924 0.11639737259081076
0.11626672457465918 0.11701317531697153
0.10344256782422903 0.11807428625111802
0.11670220024811939 0.11907600717489161
0.11829031432192588 0.11993667333330583
0.06121096575921281 0.1201673990731286
0.11674692099386857 0.12021869748261452
0.11112546578726044 0.12182868642360317
0.09154872236162649 0.12209495912926185
0.12410031971895093 0.12452654566354636
0.08760183008447316 0.12473781648101084
0.11642917251360453 0.12593154026303746
0.12296376772712155 0.1259445896486204
0.06560724096033337 0.1265920244774993
0.11664037191703869 0.1282821413328428
0.1260167445640653 0.12866869113494714
0.1285856685327246 0.1294030718816332
0.10311040574731323 0.12960996994108087
0.11904154758384594 0.13029482088738975
0.12646753920806753 0.13136873603913876
0.12161920600166638 0.1332980694814004
0.11727447942472258 0.13352120862445346
0.1347646279137861 0.13496898676123226
0.10717254007569725 0.13548006233876336
0.12402780667188693 0.13712816848037518
0.08247892483366412 0.13716074251150026
0.1262646825409107 0.1372914760503994
0.13754083346322304 0.13755325705975646
0.07931703001176055 0.13800331103806598
0.12016644297366767 0.13810450013847297
0.09934245309912268 0.1387000031280052
0.09879419080145668 0.1387752042027708
0.13867313374127074 0.1389236198191824
0.11173909467270406 0.14123902537263977
0.12308799984152202 0.14141225934206744
0.09345570268842121 0.1416939219240964
0.14146066536842825 0.14247056202705746
0.14221749212604406 0.1426502878012856
0.09284600756369878 0.14360939343521484
0.14033572677362038 0.1445366525842528
0.1432513064934195 0.1446583034292692
0.14450732843318398 0.14576406489907381
0.1483200985485091 0.1486274937569978
0.13915943664783165 0.1493873560232661
0.1472865816773192 0.14939940873262947
0.14713274406075877 0.14979863268052085
0.14724048381804372 0.15005483679724294
0.15020927686372193 0.15021268929482195
0.12822270391496537 0.1508291507749195
0.15067986219606844 0.1512420606284872
0.14885447555915715 0.15127868255673887
0.14008008745312708 0.15298726898194162
0.14923583229360618 0.15405805977824
0.1498992725899126 0.15677127982604627
0.15543238087481048 0.15785599524772362
0.13552045582113156 0.15802509181500937
0.1588158585741821 0.15967979647585118
0.1493857219372859 0.15986174249773308
0.15833563101112097 0.16136476725863438
0.16266636951017976 0.16388139752115025
0.16431983466898203 0.16432280116041578
0.15572829839770871 0.16463951907859778
0.16024346516621554 0.16539582975455064
0.13458194213401015 0.16569395495692452
0.16590097162928044 0.16590299076628717
0.1572214262960736 0.16649230405859197
0.1676634241006123 0.1676675087560384
0.1237343992309975 0.168436763352967
0.14569150811186246 0.1688506858815513
0.12129759638727675 0.16910549555457405
0.12060426174243356 0.169169477560613
0.10936710939427981 0.1701927002692361
0.16797663428350113 0.170339064685536
0.17026426706200062 0.17099744570083059
0.15857562041240036 0.1712393048802198
0.171661890372131 0.1722439993479504
0.17194362733081503 0.17231579311449377
0.1662403754464833 0.17250774457110407
0.161145513351823 0.17390196721079373
0.09924274013792639 0.17398635684389088
0.1708776241281712 0.17455230815090206
0.1733744662051289 0.1745843473836617
0.16769779253894204 0.17532043991121396
0.13510189149404697 0.17691772942030976
0.16668002934344528 0.17845227353714918
0.15328039075134015 0.17849798203818779
0.14504565964375862 0.17988130853231285
0.18055151422482282 0.18079050799333957
0.17507893876201017 0.18149152841670724
0.16752809383103373 0.18276880715405708
0.17904924032866107 0.18357273742712632
0.1804586063476278 0.18372443429697483
0.17178893978784476 0.18518968754000079
0.1546058393282749 0.1861536131431589
0.18488289553181647 0.18652657192673902
0.17755760807258006 0.1874165834365838
0.18055718628366724 0.1878251923001143
0.10777571557631573 0.18864406622604807
0.18029281114201817 0.19023980146028793
0.18975235736876883 0.1906120817756582
0.08947796776789964 0.19096006386183975
0.17375979995764015 0.1923400570677752
0.19039885685453636 0.19242907228941497
0.13978055067413103 0.1927127425456247
0.1016215970589856 0.19295520059087293
0.19312104025359375 0.1935397408278072
0.13818017772156108 0.19612328682141503
0.12419433695077678 0.20018019177583143
0.11210730520737913 0.20079345711937477
0.19946855085187598 0.2057647360977358
0.09651506580953735 0.20579256757745232
0.1725864790571943 0.20713257108101102
0.20065967614502844 0.20750305537724031
0.2082101890630307 0.20974361840299852
0.2098076889660455 0.21099692894334743
0.11779419452055459 0.2117307198931993
0.14794734259804845 0.21328587530833215
0.21333567840683376 0.21373843909846751
0.18016290559933096 0.21566896631601945
0.2083095844684708 0.21619375473962948
0.20633212633741668 0.21652432575384406
0.2061413511324473 0.21690486559051886
0.20871672081232953 0.22055667721773894
0.2067825480206238 0.22065018800845532
0.17137984133716122 0.22143129008837242
0.21563507958069755 0.2219659143931543
0.22247771915534034 0.22392103769935248
0.22349201123074697 0.22414256611677993
0.20665406084864185 0.2253965770393201
0.22780558230857934 0.22895878826937122
0.23014197629134234 0.232232123299298
0.21928199470430593 0.23304916598182476
0.21966604566173584 0.2361460420275986
0.23673193206909793 0.2368522313451536
0.22998304681779588 0.2434380098694676
0.2423645774529533 0.2438492161781984
0.1542413878709641 0.24527419731529682
0.24870320388444386 0.2502568167386652
0.25053260202541994 0.2505534027332735
0.20498146259382338 0.25229586555594424
0.11506741072954133 0.2526196427238086
0.2571466143427216 0.2581977843799895
0.23792042094448454 0.2596469871797321
0.2339587652644047 0.25965770638262486
0.1780511049289551 0.2601646302047722
0.2608698894033095 0.2608848185153379
0.23218786233596306 0.2621572830017905
0.26519529805609626 0.2651988363055261
0.17498307530721013 0.2652581773359299
0.2661840296463738 0.2663388049244482
0.2642606905297204 0.2670039143222441
0.10272662687025183 0.26746830399484806
0.2635255725548885 0.26758481511823795
0.17890459014498544 0.26833728680816515
0.21553711343057896 0.27372421786103984
0.2616035601227697 0.27569857172615614
0.06675692533393472 0.27600838892516444
0.25615344726621936 0.27860371739203327
0.27654730158357615 0.2802566228652093
0.28801119076810344 0.2900781220430256
0.2754212153288008 0.2911070015837327
0.16794823151232252 0.2929361026501179
0.23176785456412122 0.29295973754680216
0.2695257502942982 0.2933454001548456
0.2754376676443761 0.2942831849267177
0.2944940294629855 0.2953014703184528
0.2523093629851565 0.2955644678027044
0.2867493534703969 0.2975827288191187
0.2550988620304466 0.2980904387565122
0.2635045381054983 0.3001011974572662
0.299925323829626 0.3004264695772493
0.04633652643449061 0.30318760758014374
0.2888130225493879 0.3060168706887512
0.29920267381067134 0.3075243230668377
0.1445785210821105 0.30867719966848745
0.2704517747535434 0.3093156657328514
0.23654418913091318 0.30969176327617076
0.10826607848612023 0.3118966313947647
0.3134007282501516 0.3136062008608606
0.31001342925941366 0.3152864228843328
0.2543974677437148 0.31656742609771005
0.3094179136647503 0.3167082811097688
0.29333804815845016 0.3171543110844925
0.3156484736830589 0.31723973892358676
0.30803360177921496 0.3187540678220857
0.19901934737275273 0.3190986525999825
0.24340940979855127 0.32123927544123065
0.2725736031015271 0.3213711670940899
0.26758526042643194 0.3253026956657121
0.32491739410352244 0.3269097436228166
0.3264817636302228 0.3274258394708987
0.15918848154098653 0.3290334050328303
0.32203092873341405 0.33024808345114276
0.30668037121854674 0.3343601489349547
0.2950402097344348 0.3344090047846053
0.3343410292893199 0.3367062215026276
0.07289032629080186 0.33922779582063795
0.2844816932498551 0.34206908472598746
0.33311562398039635 0.34625413955756834
0.25350592042252634 0.34924359812554173
0.3512550754011991 0.35342219667182473
0.16590509477709614 0.35714855653770666
0.23525855376485844 0.3579015743103239
0.35843864276438286 0.3605418854746727
0.21107399408376404 0.36099157031818147
0.3610933944607128 0.3638743808161446
0.3261776837798671 0.3660461418263019
0.2869315800394647 0.3671969658647889
0.3671142993432881 0.3724086172325799
0.3715003593555528 0.3744766441134013
0.37201110007734534 0.376609904503399
0.3358965737430735 0.38013703938898474
0.3798486875255308 0.3811419650600269
0.38136855173117 0.38146446490056857
0.3807819985289443 0.38378024230286134
0.38513404351345143 0.38521546122029005
0.3524738860062416 0.3869913834009148
0.198431920268818 0.3880930276156082
0.3797929137049627 0.3897889811116906
0.3800924365787911 0.3905904523191633
0.3623274340189649 0.3919537210193409
0.36543633561749733 0.3964457732718441
0.20995625611161678 0.4035293075027983
0.32334525885428034 0.40805717909667955
0.41112866030615314 0.4112575477016149
0.2669113998902134 0.41391794037494073
0.4073542487598138 0.41446857610248056
0.41475556392978846 0.4150182346260131
0.34636920847252173 0.4156542677388533
0.23597304904295777 0.4187485391676722
0.41645636851783246 0.42060084474525294
0.36645923516998674 0.42106801101511854
0.31902383887921326 0.4218011468756967
0.42479095721471494 0.4260968265490491
0.40317180593769525 0.42932789331491505
0.4124888244111048 0.4354426524416008
0.4310758052181166 0.43563186427964234
0.43537604587915024 0.4356759245147813
0.1833334225450316 0.43846048020846395
0.445159459053367 0.4458299433151598
0.42656078582810053 0.44740242779826855
0.40375310130397213 0.4487997729441926
0.2250554473807057 0.4496233744564228
0.3878638544982502 0.45061493168775707
0.4505037327032262 0.4506287370387469
0.34739193782577643 0.4513566173963128
0.39663732840298116 0.4543184664978844
0.42762422613888024 0.45501029746432203
0.4055694567407797 0.4593390355739371
0.18505237801149058 0.4625709568027
0.4560736552746866 0.46674748916397
0.46356710313403954 0.4682265733613949
0.45588053210802804 0.471043364181095
0.4105831757776961 0.47279492664029876
0.3881508905484585 0.4730401663739198
0.23142090310565727 0.4948243067023475
0.4434343114920671 0.5075299436679224
0.4734721739778127 0.5079030448223459
0.481208315815817 0.5083447849968391
0.5139517993904844 0.5150386091001474
0.442494003435359 0.5205873793354049
0.21643265253695182 0.5278152176611339
0.3259648398151589 0.5323789309790617
0.4977890666930867 0.5325605074555353
0.5233260798720639 0.5351270268132466
0.5369768028696974 0.5371947655653262
0.2596358706139065 0.5374948629937545
0.5492548749907495 0.5504094063667886
0.20164657296806046 0.5506059686117556
0.4885275022733619 0.5517970109177694
0.34953377081890247 0.5552025279289589
0.5558673504681224 0.5563094538162311
0.5565377054063496 0.5566225687510584
0.5133256755663378 0.5572920870501116
0.5583715124911741 0.5620332416966554
0.5617412483522859 0.5677203405210846
0.4288523020613729 0.5681689453209218
0.3512508813159999 0.578194239016325
0.5639391656839569 0.5786972111135323
0.5159013845018207 0.5817373548477922
0.3194818653760478 0.5840180593752784
0.5309169187680262 0.5852667665976404
0.41839688201204617 0.5996980704537798
0.38293353075339776 0.6065828978261294
0.30587349100259026 0.6146963096623793
0.5875724280950734 0.620252941938528
0.35370889892455715 0.6238599358385314
0.6257299823332996 0.6263513868045522
0.20109475234860064 0.6440712897432996
0.641188383583501 0.645643876292112
0.5792205843034793 0.6516895518232088
0.6429887239309544 0.6519300448732598
0.6608582242889209 0.6612108842654574
0.4271500173726098 0.6763080707333555
0.6722302403453261 0.6817133567164606
0.6828703372911086 0.6828741446919184
0.6260202916185731 0.6831727042863794
0.4287033516191778 0.6885578118915577
0.3630220578528544 0.7056540214135042
0.7147982071438497 0.7148072300093227
0.7169407193097378 0.7319913749700199
0.6893925326835687 0.733863913497632
0.4241945039714974 0.7664966096236531
0.765084766202777 0.7758390195487331
0.22203494680920347 0.7881485943093267
0.3216665406387859 0.8006845282473983
0.7759850594903027 0.8020229206843295
0.6253513946976419 0.8063697157943667
0.9404672246285216 0.943910476838156
0.9305975424145732 0.945245589058155
0.8977293001196459 0.9474190986290569
0.19057073804952995 0.9946914307068747
1.018578777574289 1.0187469366807091
0.5373664821060178 1.104992259352654
1.0174198358669426 1.13457483411135
1.1818867572722422 1.1865144649914214
1.1962744176601356 1.1977642198466016
1.1647936933352492 1.1996774668185617
1.2792511663343127 1.29189286947394
0.35964064986403693 1.2955497478563505
0.30840986391597514 1.3013912784681059
0.3572563073137659 1.3202837380344363
0.23832356120144363 1.3382042664764655
1.7076906771538 1.7081577390402662
0.15301665002859688 4.000000590120943
