0.0009468276439567538 0.0009775126726135086
0.0013725529559164647 0.0016421587656816686
0.0014103429291243978 0.0017161344723268081
0.0018973447027353751 0.0019612641062221672
0.001750617827039771 0.002045421638323506
0.002602105280425569 0.002634927379010417
0.0027912607188824616 0.002791550667475912
0.002329588044419822 0.0030079004088138534
0.0032418647770801807 0.0034893062698319118
0.0038302566654732713 0.004364520692444835
0.0042448938060278465 0.0048873159375213936
0.005187058700341587 0.005187151704406642
0.00453870046865869 0.005247301924426191
0.005196057942730171 0.005282721218025951
0.005971685283143083 0.00604321768383521
0.0056356849573039195 0.006225713326497415
0.005448045543048542 0.006475685824919221
0.006648400402422697 0.006925732925768858
0.007182591086019548 0.007825459651041962
0.007970960355018045 0.007971202698983212
0.008134180750165901 0.008190946528626687
0.008237608577790803 0.008274198827520252
0.007062419381765992 0.008436198377300176
0.008472394520197948 0.008537892774768303
0.008619046570894543 0.008710392040065799
0.009148273027207821 0.00915820354321934
0.005058791538875767 0.009203295597892762
0.009371199132375753 0.00943118141495692
0.005010113214144026 0.009460385104883727
0.009501276326572368 0.009502137073017034
0.00861830038586086 0.009604013052694387
0.00969530290033613 0.009789728360175587
0.008511313468416626 0.010379625662880603
0.010061679911967328 0.010397197887382808
0.010907054672099343 0.011051954059291607
0.010370391054057747 0.011623928785418958
0.010764391268780513 0.011664890568873985
0.011733327748605091 0.01179636130017595
0.010950116005015234 0.011798123433760594
0.011925309368745514 0.01192923034276892
0.012038032183043834 0.01211154825549611
0.012895521799223708 0.01303459497645871
0.013124426311181266 0.013164391129499754
0.013004828758117204 0.014484819389797728
0.015162325840018611 0.015167078881832023
0.013957733819173576 0.01529243039883495
0.015367286513122464 0.015368309558304595
0.015538063247442313 0.015765769872657532
0.01611537403981404 0.01616033388637724
0.015219244485646825 0.016429773229297413
0.01704953058323911 0.01731289704310636
0.014814937690656714 0.017663499787234548
0.01698278672526779 0.018002478798778164
0.014577589429654762 0.0184544359446879
0.018123376809018765 0.018483151615883726
0.018904471927829635 0.01906318426502148
0.01780157891363613 0.019075533594606252
0.017575121411143254 0.01910202921919914
0.01782871329754994 0.019205725495885995
0.01844765580506287 0.019212099047279118
0.016460515823356035 0.019506952202989956
0.018266757050673172 0.019521970658710027
0.01664763567615349 0.019598743797649785
0.018931438831196346 0.020038759782205977
0.019512411691987492 0.020688601195984497
0.020694262606148393 0.02080273182129359
0.020759532091440273 0.020831641767841372
0.020299641195106962 0.02090644926237929
0.02112510881097292 0.02112783882094301
0.01703470506170383 0.021265155193424323
0.021325381875338858 0.02183639215381243
0.021017327891942196 0.021989355551028374
0.022492081423430847 0.022492268635307556
0.02347956455637208 0.023673533296978595
0.024097444900972927 0.02410518609279448
0.02318592501650939 0.024349504719983966
0.024276907190081132 0.02452706080263887
0.024364611706703836 0.02470815969057574
0.024607815844396468 0.024806231094361895
0.024264209555246722 0.024840834806821373
0.020654732266851553 0.024975855757372732
0.02267317988705172 0.026139364075089367
0.02637686584734788 0.026567576499162186
0.015455501047674878 0.02665242675683384
0.02663982508044246 0.027694693039880147
0.025588614231073413 0.028128081189721467
0.02479932974441858 0.028147712272789234
0.02935564095658473 0.029630064666345008
0.030871644022347686 0.03091717435468869
0.031090851633657587 0.031104952151594575
0.02934499623414426 0.03115990674656687
0.03117777402525815 0.031196738906268104
0.03125690571345942 0.031321879564157815
0.031366943923373414 0.03144295935148075
0.031607368991949665 0.03169270045001184
0.03094068985504241 0.031867353808667044
0.03135023605774785 0.03213486803323502
0.03229589306390768 0.03232044798894588
0.032541276334646194 0.03264952547363481
0.03082548796270608 0.03303595392268333
0.029043818605755042 0.0330607214864519
0.03120232480703654 0.033305677566358015
0.03012549586477455 0.03346320387871627
0.033406035354085845 0.03400908292896705
0.02890575772973757 0.03415470054202675
0.033672388800006156 0.034895150416567884
0.03467444897280303 0.035154999984050986
0.0352090753685631 0.0352176425892446
0.031053362563302562 0.03522350269853404
0.03229073084152425 0.035844330622181744
0.02761192217397741 0.03602688710267297
0.03137788094875481 0.03605112450761171
0.03673313460992022 0.03675725565480176
0.03673510901343094 0.03681199234369914
0.037287504744754556 0.0375461228083821
0.03683832046257359 0.037785434267002566
0.030372224738731274 0.03793564104890054
0.03661896398598083 0.03803472300845874
0.03821576824071419 0.03835194785784036
0.035099037626275566 0.039559830709825126
0.038386689259228814 0.03990725834166625
0.03580950759370484 0.04027799182648972
0.040468096865372366 0.04058525634744448
0.040032102387744656 0.040746280135720556
0.039626308956812725 0.04080338351576709
0.037675554227356044 0.04082291367960376
0.03112094790856069 0.041142245921968704
0.04115251318096145 0.041152645221129505
0.03878123384685347 0.04183440666012348
0.04199313442162859 0.04214928148356021
0.04099790510057956 0.04229809938967459
0.042312891822697964 0.04262924722376393
0.04055082991881647 0.04310991019883388
0.04213239109238893 0.0444451867441404
0.04449198347530577 0.044528835978680445
0.041601287539597014 0.04501255000615923
0.011874215358376466 0.045489133299149775
0.03046809780161438 0.045567709756102574
0.04317132735267675 0.046188457277458815
0.04661290019177754 0.04701472180849554
0.042773941144457435 0.04797229409617143
0.04468536063040772 0.048850261483159345
0.048338910842441046 0.04887134307295445
0.048973612123255385 0.04932136011230313
0.023648445782057124 0.050296421002449125
0.04920560089619296 0.05094005065908452
0.04594918990436581 0.0511393531541891
0.03420347875421297 0.05151191554237681
0.05142324164972603 0.05248083700591491
0.048590178132910646 0.05279978368508195
0.053002401313775926 0.05356624880110233
0.0373089143062557 0.05368257260239881
0.053067426718422885 0.05381629862357937
0.018978516931212733 0.05383783668525611
0.048251375302330944 0.05411606229071647
0.051579493246818674 0.054257533674538234
0.05164853740114232 0.05510544105359372
0.03808166724318081 0.055566884996512585
0.05354257346958353 0.05570233023771203
0.05035865483433079 0.055739463661713055
0.055998146390660225 0.05608118214648988
0.055202108555830076 0.05611522267512957
0.0565886862908585 0.056683177929234656
0.01781061995490161 0.05702050741224396
0.050210494009733285 0.057451231799777035
0.05560711035234672 0.057750725276120254
0.05963191200173405 0.05971527743550432
0.05828151528038146 0.05983743409018264
0.05720824513359868 0.06005586647094214
0.05650946692922866 0.060172395479222415
0.05976738577368222 0.06051231744947386
0.05463701584491204 0.06053856249779359
0.0604609066448141 0.06056577073085539
0.05813235916432078 0.06083223994772142
0.055578767071224375 0.06083841255217398
0.06024570332284589 0.06100111199654337
0.0575471247122812 0.0610035815768502
0.05136484087487256 0.06102891956486993
0.05837993106739114 0.06134927245421282
0.04925839792072431 0.06142140784184228
0.04802212993302249 0.06174855878313059
0.06187727321704874 0.06188329283237613
0.06182802051755547 0.06191355430057797
0.0574251044191248 0.0622650252591276
0.030781664368538606 0.0627266699667583
0.06275643752570062 0.06312676101208686
0.043689726977592526 0.0633068725302632
0.05567804928211702 0.06333892055856664
0.05434540809269903 0.06354829048732076
0.044390604360930064 0.06449177153613693
0.06656190414631347 0.06722715843966777
0.052710128656753244 0.06750876107100248
0.05271992947895585 0.06764823402399525
0.05480908636797716 0.06816996296809598
0.05886348060172188 0.06880086287350198
0.043227484136394496 0.06883767200343135
0.061470470675583415 0.07035147161056414
0.046612797788845084 0.07095874546784484
0.04768100813212155 0.07239225527157994
0.059029044333373464 0.0726992958370485
0.07144883510759091 0.0732049103056711
0.06688657004015691 0.07329541174334964
0.062245545796422296 0.07409636537793403
0.06352129139543408 0.07480769389520645
0.07525705125657466 0.0753939929356481
0.06980902611104663 0.07547481578081937
0.03867685694949497 0.07616851447638401
0.07128864638911003 0.07707064096277837
0.073655050332775 0.07736229293115135
0.0712462889508242 0.07744906028140454
0.06311325731087013 0.07747685834942981
0.0772397130575887 0.07836343798541977
0.07181378778037263 0.07865758733839853
0.0711480821850048 0.07926448531080596
0.06589813484164488 0.07944166867291594
0.06400693548166161 0.07982925169755813
0.07090977827710507 0.08014207685233045
0.06257919714991483 0.0804578502983975
0.07920781966126389 0.08081146518591084
0.07638334283813077 0.08127607963556288
0.0651308552054805 0.08191982965097284
0.0824286540717892 0.08249684731081755
0.07631827505810863 0.08258094726862564
0.06556074275895907 0.08299924203415487
0.08303944012405406 0.08365166556884392
0.06213578357133661 0.08400824605353376
0.08391844162634243 0.08413758971511477
0.08059001355119882 0.08441783107370456
0.06375872981365972 0.08475388650704263
0.08215593732559641 0.08515831996170804
0.08640306831082518 0.08640307718252081
0.07673561721854759 0.0864509040000969
0.08529097275310352 0.0865237131291421
0.06142605940332349 0.08691097344776468
0.08719242133958693 0.0872019275423888
0.0869623342494385 0.08725419410541085
0.029953988737507174 0.08824073905285033
0.08486229264781729 0.08851650456970328
0.08837090588414602 0.08884192334250639
0.08898158051454098 0.08899020184538732
0.06021826478816651 0.08920327562038562
0.061849169232920005 0.08969859322540999
0.08762525897604889 0.08999382879676532
0.0725949052714275 0.09115293528787788
0.09059438095956741 0.091573212908244
0.08564439603967068 0.09218294006757247
0.09265127165345295 0.09265127316002851
0.03400552556524465 0.09306868592124294
0.09117092236710386 0.09340616768732149
0.09016356985734673 0.0942562016382069
0.08656622237052963 0.09437544130532648
0.08108529687419871 0.09443935497791557
0.08098276673283136 0.09451571034329231
0.060278706599038494 0.09460860772856401
0.0855961986896752 0.0946748656857661
0.09408060524587214 0.09485529205596814
0.08882007905617899 0.09751409859636552
0.04138753201755268 0.0995946250328398
0.09967061255725981 0.09997199259222006
0.06952214190905429 0.1003387550456401
0.09992792246362105 0.10113393577753521
0.05121662747701867 0.10328167768512807
0.09202225078465855 0.10450568469811634
0.100413313405409 0.10585613440672688
0.10402769906000352 0.10608957563843058
0.10592130867844446 0.10634910976710607
0.10732520893362871 0.10732524120060566
0.07448101944504089 0.10781983966949679
0.09749277921861724 0.10840375504105546
0.0977472190059693 0.10868268376682713
0.10117967221663597 0.10896416062791706
0.10900360016306301 0.10900368432860102
0.10839230995294775 0.10959019520668001
0.10382885193007504 0.11030820440523316
0.1073129434385686 0.11039974928350733
0.10948028242828085 0.11157661656198409
0.09852899820583756 0.11158641468854373
0.08537862507111921 0.11185821237270245
0.11119783397591898 0.11211715373623514
0.11172091111532541 0.11230748408455617
0.07896334016679693 0.11312538055989922
0.1133411032827872 0.11334685421333233
0.07480122042894738 0.11402907093776077
0.11342882994800399 0.11434549552294541
0.09772520078848014 0.1144308500635299
0.09785268159917156 0.11485690726288086
0.11388405079930505 0.11554641634124764
0.09890936366894268 0.11694692028255345
0.11192774997191648 0.11749454017483653
0.09346647948326278 0.11846835893169903
0.11931965451159807 0.11987435943443478
0.11893822060038858 0.12016717152316246
0.1201916484938671 0.12019166152039003
0.10913363430317387 0.12047508384268445
0.10671004152551139 0.12145212879419429
0.10805675028330747 0.12302713241727942
0.06808023531257805 0.12384287852553591
0.12349792785257271 0.12503370298076263
0.11132262235817224 0.12526412243861906
0.12552433648554814 0.12554779760117246
0.1261300238542038 0.12746388585288404
0.06656859586208652 0.1286549502118714
0.10030784258284453 0.12976147420298428
0.12540931557333357 0.1297909089549936
0.1298268437522068 0.13006535352325507
0.1306328822601323 0.1321796093263052
0.08829877569158695 0.1335631618285774
0.11977796986435835 0.1338367109083071
0.1353239113549584 0.13562691242524458
0.10671387282285733 0.1366499993776057
0.13615082618341218 0.13908845615419038
0.13785113311368064 0.13920188392198302
0.13778187190240093 0.14116545599384364
0.09087233683144418 0.14361033367352477
0.13786063561160505 0.14465710807614804
0.12136810022253797 0.14531611754983886
0.13746770079945805 0.14583360778212487
0.14668068354745933 0.14695411396345034
0.1488612239071847 0.14894579705144384
0.1304312693232354 0.1491663472574281
0.14938288237847644 0.14980661314710358
0.15147798804537574 0.15151641093252835
0.13808575069390783 0.15203837239231713
0.14964677170706486 0.15208236354306415
0.10138364459115311 0.15301309712053743
0.08422090024774563 0.15313517027661955
0.14485691648577811 0.1534261855959688
0.10663375681502178 0.15437919150060855
0.1514229528790375 0.15439227120302865
0.15346025840013608 0.1549743688717798
0.1321152376086593 0.1580708271432335
0.10769277030061163 0.16020353177520053
0.15573619852463175 0.16032264002779967
0.07557285641051502 0.16068341104107217
0.16029564634082197 0.16071737675361836
0.15616832083063725 0.1616885430827643
0.1634520465241965 0.16377738565015318
0.1496028963759748 0.16687549550747086
0.16215958264214905 0.16756176979254817
0.16797929936237538 0.16797953365315751
0.16158034428737306 0.1681150600732134
0.1586440486386924 0.16905088874829965
0.16898916912799372 0.16921711174259066
0.16371383229042347 0.1695002201453236
0.1526820680950522 0.16956400801744512
0.15036351211753982 0.1699030903484166
0.12105570684722261 0.17092881593316123
0.16992544736716136 0.17179783378196944
0.12316492338564164 0.17208635982486495
0.1584131454584136 0.1725669701451869
0.08282284281991621 0.17260586320149404
0.15767287639443495 0.1738039151496482
0.13494384258772013 0.17451494476049653
0.17671997907516165 0.17672455044806196
0.16901509821273974 0.17700417630617432
0.12983932234917142 0.1771904153210381
0.1719422682296029 0.1775619907776567
0.17727006640972606 0.1776950861869589
0.18324142029869328 0.18353595979874546
0.1816442770607133 0.18483826293281463
0.17912268879744 0.18655467928228692
0.1894796542422122 0.1895325412175116
0.13812978460302108 0.18978788298181803
0.18324565363794967 0.18984590952981165
0.17356449713441416 0.1920279963438535
0.15205213847751123 0.19462463779103556
0.20034950805138457 0.20061953900003454
0.18811667117491407 0.20064765887583966
0.19949926861324557 0.2017140241833547
0.1913867944750646 0.20275937146374146
0.14811099319420967 0.2032553962845294
0.19500080327810343 0.20438283890354375
0.10416430219953617 0.20704613553086543
0.1820884862761762 0.20859026412393408
0.17899638296448245 0.20964401468995522
0.21123905206189333 0.21125862531143866
0.11504383927616359 0.21136163253311158
0.2089238346093873 0.21299982954686197
0.14918588409241573 0.21317151884475696
0.21274991146701405 0.21318375464252526
0.2015978186356261 0.21527261918996646
0.2091657968694105 0.2160897574058784
0.21416150316503357 0.2172759164316854
0.21756275408392614 0.21817095390961824
0.06260466760299127 0.22127797432405502
0.2113645655247311 0.22299384688699386
0.16521651574137527 0.22384619034038994
0.2247338541799877 0.2247537278728003
0.10307913544007195 0.22741242470155187
0.21747531897099656 0.23018994546744562
0.22469447081777616 0.2306158146404532
0.2455709407280176 0.24680473472504832
0.2133554840541524 0.24748890524365905
0.2446923411913826 0.2553950024623713
0.23810377166937263 0.25601203463277317
0.23493807176838688 0.2564348449723752
0.1649103743319002 0.2568293855500676
0.12514385867440103 0.26127772789260273
0.14913923566277504 0.2645965450091566
0.26471181347658834 0.2661197721184969
0.23593530795909748 0.2663820302212532
0.26770254766349905 0.26843247416725213
0.2529011678920958 0.2707165489579102
0.25091983666334194 0.2727648272764103
0.27399782273867107 0.2739996010756734
0.2724229876710069 0.2762708929259994
0.2644589812047298 0.27706389348532845
0.27845037191453426 0.27882666200888623
0.12969437420796082 0.2795900973423772
0.12760279864143467 0.2812399521972043
0.272466945209749 0.28263145541217966
0.2575693039133789 0.28386057513272395
0.2800352270385569 0.2854036951351155
0.2281122833574905 0.285789022611856
0.28424197807640733 0.2868768776635424
0.15998463200259339 0.2884563967390286
0.29704313667244453 0.2997806528771732
0.29800573116219164 0.30048117722721396
0.29953322948981664 0.3027500657167726
0.3063463562842712 0.3064670185570561
0.302695819841302 0.30656356524750594
0.2921577283510449 0.3099705982304564
0.2531825637252259 0.31153382400675206
0.2628287460049308 0.3121519418641224
0.29031860225275474 0.3164330623707548
0.19099586093510995 0.3182119729747515
0.32090777052110636 0.3213554625881036
0.2440875188316276 0.32426697858194853
0.33072260649969093 0.3307251208176647
0.32149024447511476 0.3346298119958084
0.2913807217363623 0.33477308709553005
0.15570524684496861 0.335102750188625
0.26865658157246397 0.33775564885085935
0.3336580573495732 0.3391064848612472
0.3253583106908569 0.34556486907523015
0.1567668233006194 0.3469083179182987
0.3370283709359127 0.3469224327042377
0.34150884790185954 0.3473674543418194
0.281391969497862 0.35101514286544255
0.33659644820818324 0.352433672722138
0.3205872794454414 0.3537416688687352
0.19158777871957366 0.35462863018111934
0.17379556914069444 0.35612637997519425
0.2812229723049711 0.3563406689537855
0.26837486562841134 0.35659791872275753
0.2749815368528211 0.36195081196892015
0.2671025895604137 0.3626800419294982
0.36634728739906525 0.36805359218769584
0.3509321166556937 0.3683683192969821
0.3728902112857027 0.3729079017367158
0.2745277937914691 0.38215807418991904
0.38791007308761083 0.38816944371683487
0.3428495190463818 0.3894915878537271
0.3791013092680924 0.3905269238083722
0.34714010167610004 0.3912189557751395
0.12287584485412363 0.3940338906331046
0.17366947034246394 0.39512825563922765
0.22167569720090835 0.40796619217744845
0.4082047226863796 0.40824863221429314
0.1923032186905419 0.4265582547743091
0.35950253874439175 0.4308607327749587
0.43101028143589787 0.4313129899325503
0.4247307449784185 0.43173003287586587
0.4247902897502209 0.4317342647836806
0.43360783734375435 0.4343269071219765
0.16070117818761076 0.44119994567671306
0.4286750906344392 0.4412462309997207
0.3879659955223882 0.4469230334338681
0.4094751596039103 0.4684486901658587
0.4688629248284529 0.47103769109373395
0.40868507164987766 0.4734859033975971
0.12682538687292108 0.47747490817420607
0.2824112831110635 0.47983886466889475
0.23182553139152356 0.4878765790723866
0.2652540610918015 0.4889351027974699
0.5410439816497878 0.5444605742435188
0.5148734124922321 0.5488442322310622
0.51870749871418 0.5514143923030779
0.2414196194275951 0.5582287992812058
0.27294381513641514 0.5689289171316254
0.600578203404196 0.6011537616026555
0.11778140295103964 0.6065360324215882
0.11943470300306477 0.6103076893615529
0.5742410023348099 0.6175965575930444
0.6171308228749144 0.618039152031451
0.29477136338044074 0.624607410351426
0.10135209566552486 0.6300587403505564
0.13508094323507353 0.6598055542016736
0.11904800544745535 0.6852532349697403
0.11053162732767915 0.7327562639589658
2.0603436759742166 4.000000282600538
